Amplitude and Phase (Combined)
==============================================

U_reduced             Heave Amplitude          Fy Amplitude              Phase Fy      Moment Amplitude              Phase Mx
-----------------------------------------------------------------------------------------------------------------------------
21.85792350                0.00600000            0.00484476            1.87870302            0.00035842           -1.40635957
18.21493625                0.00600000            0.00546546            1.88446744            0.00041511           -1.42453655
13.66120219                0.00600000            0.00658019            1.86133779            0.00052703           -1.45673936
10.92896175                0.00600000            0.00774046            1.79539137            0.00065431           -1.48388020
6.83060109                 0.00600000            0.01082977            1.72459989            0.00100486           -1.52661165
3.41530055                 0.00600000            0.01250347            1.22113886            0.00208381           -1.72934290
1.70765027                 0.00600000            0.06981264            0.19740335            0.00474522           -1.61120316
0.85382514                 0.00600000            0.30601960            0.05027795            0.01056213           -1.53088447
