Amplitude and Phase (Combined)
==============================================

U_reduced              Tita Amplitude          Fy Amplitude              Phase Fy      Moment Amplitude              Phase Mx
-----------------------------------------------------------------------------------------------------------------------------
21.85792350                0.01700000            0.01805945           -2.81078839            0.00118714            0.16786368
18.21493625                0.01700000            0.01687715           -2.81358079            0.00115209            0.15739999
13.66120219                0.01700000            0.01523683           -2.84254854            0.00111224            0.13644831
10.92896175                0.01700000            0.01418420           -2.94622575            0.00113697            0.16897928
6.83060109                 0.01700000            0.01277643           -3.02727828            0.00113350            0.18572596
3.41530055                 0.01700000            0.00859428            2.91523477            0.00115158            0.05714524
1.70765027                 0.01700000            0.01549552            2.13678315            0.00166122            0.01565515
0.85382514                 0.01700000            0.04089163            1.80224656            0.00405907            0.17365065
