Amplitude & Phase Convergence - Pitch
========================================================================================================================

    Time   Fy_Amp_Ref       Fy_Amp   Fy_Err_%  Mom_Amp_Ref      Mom_Amp  Mom_Err_%  Fy_Ph_Ref      Fy_Ph Fy_Ph_Err° Mom_Ph_Ref     Mom_Ph Mom_Ph_Err°
------------------------------------------------------------------------------------------------------------------------
    4000     0.060928     0.061102      0.287     0.003537     0.003520     -0.501     2.7619     2.7611     -0.048    -0.1193    -0.1152      0.239
    8000     0.060928     0.060941      0.022     0.003537     0.003536     -0.053     2.7619     2.7616     -0.019    -0.1193    -0.1170      0.135
   12000     0.060928     0.060979      0.085     0.003537     0.003531     -0.178     2.7619     2.7614     -0.027    -0.1193    -0.1163      0.176
   16000     0.060928     0.060949      0.035     0.003537     0.003535     -0.072     2.7619     2.7616     -0.018    -0.1193    -0.1167      0.152
   20000     0.060928     0.060955      0.045     0.003537     0.003533     -0.119     2.7619     2.7615     -0.021    -0.1193    -0.1164      0.170
   24000     0.060928     0.060952      0.040     0.003537     0.003534     -0.083     2.7619     2.7616     -0.017    -0.1193    -0.1165      0.161
   28000     0.060928     0.060924     -0.006     0.003537     0.003540      0.081     2.7619     2.7624      0.026    -0.1193    -0.1213     -0.113
   32000     0.060928     0.060926     -0.003     0.003537     0.003540      0.066     2.7619     2.7621      0.012    -0.1193    -0.1207     -0.079
   36000     0.060928     0.060919     -0.014     0.003537     0.003538      0.028     2.7619     2.7620      0.004    -0.1193    -0.1199     -0.034
   40000     0.060928     0.060928      0.000     0.003537     0.003537      0.000     2.7619     2.7619      0.000    -0.1193    -0.1193      0.000
