Flutter Derivatives Convergence Analysis - Pitch
======================================================================================================================================================

  Time Interval         H2_Ref     H2_Current      H2_Error%         H3_Ref     H3_Current      H3_Error%         A2_Ref     A2_Current      A2_Error%         A3_Ref     A3_Current      A3_Error%
------------------------------------------------------------------------------------------------------------------------------------------------------
           4000      22.575126      22.687090          0.496     -56.572458     -56.715677          0.253      -1.150454      -1.104934         -3.957       9.593659       9.550320         -0.452
           8000      22.575126      22.599135          0.106     -56.572458     -56.577395          0.009      -1.150454      -1.127301         -2.013       9.593659       9.591224         -0.025
          12000      22.575126      22.620897          0.203     -56.572458     -56.609694          0.066      -1.150454      -1.119022         -2.732       9.593659       9.580060         -0.142
          16000      22.575126      22.600387          0.112     -56.572458     -56.585193          0.023      -1.150454      -1.124118         -2.289       9.593659       9.589734         -0.041
          20000      22.575126      22.605868          0.136     -56.572458     -56.589676          0.030      -1.150454      -1.120657         -2.590       9.593659       9.585635         -0.084
          24000      22.575126      22.601461          0.117     -56.572458     -56.588465          0.028      -1.150454      -1.122488         -2.431       9.593659       9.588890         -0.050
          28000      22.575126      22.547674         -0.122     -56.572458     -56.579302          0.012      -1.150454      -1.170254          1.721       9.593659       9.599105          0.057
          32000      22.575126      22.562185         -0.057     -56.572458     -56.575333          0.005      -1.150454      -1.164368          1.209       9.593659       9.598387          0.049
          36000      22.575126      22.567707         -0.033     -56.572458     -56.566238         -0.011      -1.150454      -1.156472          0.523       9.593659       9.595655          0.021
          40000      22.575126      22.575126          0.000     -56.572458     -56.572458         -0.000      -1.150454      -1.150454         -0.000       9.593659       9.593659          0.000
