Amplitude & Phase Convergence - Heave
========================================================================================================================

    Time   Fy_Amp_Ref       Fy_Amp   Fy_Err_%  Mom_Amp_Ref      Mom_Amp  Mom_Err_%  Fy_Ph_Ref      Fy_Ph Fy_Ph_Err° Mom_Ph_Ref     Mom_Ph Mom_Ph_Err°
------------------------------------------------------------------------------------------------------------------------
    1250     0.017345     0.005253    -69.713     0.001709     0.000985    -42.358    -1.7378    -1.1153     35.666     1.5439     1.6384      5.412
    2500     0.017345     0.004936    -71.540     0.001709     0.000977    -42.840    -1.7378    -1.2037     30.600     1.5439     1.6560      6.419
    3750     0.017345     0.004755    -72.585     0.001709     0.000975    -42.975    -1.7378    -1.2364     28.728     1.5439     1.6655      6.965
    5000     0.017345     0.004702    -72.891     0.001709     0.000970    -43.237    -1.7378    -1.2572     27.537     1.5439     1.6684      7.130
    6250     0.017345     0.004653    -73.172     0.001709     0.000970    -43.229    -1.7378    -1.2647     27.103     1.5439     1.6711      7.288
    7500     0.017345     0.004643    -73.233     0.001709     0.000968    -43.369    -1.7378    -1.2748     26.529     1.5439     1.6718      7.328
    8750     0.017345     0.004616    -73.384     0.001709     0.000968    -43.340    -1.7378    -1.2781     26.340     1.5439     1.6734      7.416
   10000     0.017345     0.004620    -73.366     0.001709     0.000967    -43.451    -1.7378    -1.2841     25.996     1.5439     1.6733      7.413
   11250     0.017345     0.004604    -73.454     0.001709     0.000967    -43.408    -1.7378    -1.2848     25.954     1.5439     1.6742      7.466
   12500     0.017345     0.004613    -73.403     0.001709     0.000966    -43.502    -1.7378    -1.2890     25.713     1.5439     1.6738      7.443
