Flutter Derivatives Convergence Analysis - Heave
======================================================================================================================================================

  Time Interval         H1_Ref     H1_Current      H1_Error%         H4_Ref     H4_Current      H4_Error%         A1_Ref     A1_Current      A1_Error%         A4_Ref     A4_Current      A4_Error%
------------------------------------------------------------------------------------------------------------------------------------------------------
           1250      -3.300140      -2.022790        -38.706      -0.556213       0.990927       -278.156       0.900765       1.151596         27.846       0.024209      -0.077957       -422.022
           2500      -3.300140      -1.975584        -40.136      -0.556213       0.759668       -236.579       0.900765       1.140430         26.607       0.024209      -0.097365       -502.193
           3750      -3.300140      -1.925893        -41.642      -0.556213       0.669184       -220.311       0.900765       1.136770         26.200       0.024209      -0.107972       -546.005
           5000      -3.300140      -1.917760        -41.889      -0.556213       0.622007       -211.829       0.900765       1.131236         25.586       0.024209      -0.110731       -557.401
           6250      -3.300140      -1.902512        -42.351      -0.556213       0.601174       -208.083       0.900765       1.131083         25.569       0.024209      -0.113856       -570.313
           7500      -3.300140      -1.904076        -42.303      -0.556213       0.580756       -204.412       0.900765       1.128201         25.249       0.024209      -0.114373       -572.445
