Amplitude & Phase Convergence - Heave
========================================================================================================================

    Time   Fy_Amp_Ref       Fy_Amp   Fy_Err_%  Mom_Amp_Ref      Mom_Amp  Mom_Err_%  Fy_Ph_Ref      Fy_Ph Fy_Ph_Err° Mom_Ph_Ref     Mom_Ph Mom_Ph_Err°
------------------------------------------------------------------------------------------------------------------------
    1250     0.022542     0.007239    -67.887     0.003276     0.001670    -49.027    -1.4033    -1.3181      4.879     1.7433     1.7805      2.130
    2500     0.022542     0.006853    -69.599     0.003276     0.001647    -49.740    -1.4033    -1.4849     -4.677     1.7433     1.8183      4.295
    3750     0.022542     0.006809    -69.792     0.003276     0.001638    -50.010    -1.4033    -1.5472     -8.245     1.7433     1.8313      5.038
    5000     0.022542     0.006744    -70.082     0.003276     0.001632    -50.183    -1.4033    -1.5865    -10.495     1.7433     1.8394      5.505
    6250     0.022542     0.006761    -70.008     0.003276     0.001630    -50.244    -1.4033    -1.6004    -11.294     1.7433     1.8423      5.668
    7500     0.022542     0.006733    -70.132     0.003276     0.001627    -50.324    -1.4033    -1.6182    -12.314     1.7433     1.8459      5.877
    8750     0.022542     0.006752    -70.044     0.003276     0.001627    -50.349    -1.4033    -1.6231    -12.594     1.7433     1.8469      5.934
   10000     0.022542     0.006730    -70.142     0.003276     0.001625    -50.399    -1.4033    -1.6340    -13.217     1.7433     1.8491      6.060
   11250     0.022542     0.006751    -70.051     0.003276     0.001625    -50.404    -1.4033    -1.6341    -13.226     1.7433     1.8491      6.061
   12500     0.022542     0.006732    -70.137     0.003276     0.001624    -50.440    -1.4033    -1.6419    -13.669     1.7433     1.8507      6.151
