Flutter Derivatives Convergence Analysis - Heave
======================================================================================================================================================

  Time Interval         H1_Ref     H1_Current      H1_Error%         H4_Ref     H4_Current      H4_Error%         A1_Ref     A1_Current      A1_Error%         A4_Ref     A4_Current      A4_Error%
------------------------------------------------------------------------------------------------------------------------------------------------------
           1250      -1.072146      -0.751330        -29.923       0.181284       0.193969          6.997       0.425382       0.478391         12.462      -0.074133      -0.101822         37.352
           2500      -1.072146      -0.731883        -31.737       0.181284       0.063008        -65.244       0.425382       0.467569          9.918      -0.074133      -0.118145         59.371
           3750      -1.072146      -0.729735        -31.937       0.181284       0.017226        -90.498       0.425382       0.463497          8.960      -0.074133      -0.123536         66.642
           5000      -1.072146      -0.722842        -32.580       0.181284      -0.011326       -106.248       0.425382       0.460870          8.343      -0.074133      -0.126862         71.129
           6250      -1.072146      -0.724387        -32.436       0.181284      -0.021459       -111.837       0.425382       0.459940          8.124      -0.074133      -0.128020         72.691
           7500      -1.072146      -0.720901        -32.761       0.181284      -0.034210       -118.871       0.425382       0.458734          7.841      -0.074133      -0.129490         74.673
