Amplitude & Phase Convergence - Heave
========================================================================================================================

    Time   Fy_Amp_Ref       Fy_Amp   Fy_Err_%  Mom_Amp_Ref      Mom_Amp  Mom_Err_%  Fy_Ph_Ref      Fy_Ph Fy_Ph_Err° Mom_Ph_Ref     Mom_Ph Mom_Ph_Err°
------------------------------------------------------------------------------------------------------------------------
    1250     0.094737     0.050133    -47.081     0.008672     0.003729    -56.993    -0.0356    -0.1579     -7.008     1.7653     1.6450     -6.894
    2500     0.094737     0.049788    -47.446     0.008672     0.003698    -57.354    -0.0356    -0.1652     -7.423     1.7653     1.6486     -6.688
    3750     0.094737     0.049667    -47.574     0.008672     0.003691    -57.439    -0.0356    -0.1668     -7.516     1.7653     1.6499     -6.613
    5000     0.094737     0.049591    -47.654     0.008672     0.003682    -57.539    -0.0356    -0.1692     -7.651     1.7653     1.6504     -6.582
    6250     0.094737     0.049564    -47.682     0.008672     0.003682    -57.537    -0.0356    -0.1689     -7.638     1.7653     1.6508     -6.560
    7500     0.094737     0.049532    -47.717     0.008672     0.003678    -57.588    -0.0356    -0.1701     -7.707     1.7653     1.6510     -6.549
    8750     0.094737     0.049522    -47.726     0.008672     0.003679    -57.576    -0.0356    -0.1697     -7.682     1.7653     1.6512     -6.538
   10000     0.094737     0.049503    -47.747     0.008672     0.003676    -57.613    -0.0356    -0.1706     -7.734     1.7653     1.6513     -6.534
   11250     0.094737     0.049502    -47.748     0.008672     0.003677    -57.594    -0.0356    -0.1700     -7.702     1.7653     1.6514     -6.527
   12500     0.094737     0.049489    -47.762     0.008672     0.003675    -57.625    -0.0356    -0.1708     -7.746     1.7653     1.6514     -6.526
