Flutter Derivatives Convergence Analysis - Heave
======================================================================================================================================================

  Time Interval         H1_Ref     H1_Current      H1_Error%         H4_Ref     H4_Current      H4_Error%         A1_Ref     A1_Current      A1_Error%         A4_Ref     A4_Current      A4_Error%
------------------------------------------------------------------------------------------------------------------------------------------------------
           1250      -0.040681      -0.211301        419.413       1.141759       1.326809         16.207       0.280339       0.272322         -2.860      -0.055225      -0.020237        -63.355
           2500      -0.040681      -0.219378        439.269       1.141759       1.316107         15.270       0.280339       0.269964         -3.701      -0.055225      -0.021037        -61.907
           3750      -0.040681      -0.220985        443.218       1.141759       1.312546         14.958       0.280339       0.269396         -3.904      -0.055225      -0.021348        -61.344
           5000      -0.040681      -0.223737        449.983       1.141759       1.310013         14.736       0.280339       0.268752         -4.133      -0.055225      -0.021445        -61.169
           6250      -0.040681      -0.223311        448.935       1.141759       1.309361         14.679       0.280339       0.268757         -4.131      -0.055225      -0.021549        -60.979
           7500      -0.040681      -0.224728        452.421       1.141759       1.308238         14.581       0.280339       0.268431         -4.248      -0.055225      -0.021576        -60.930
