Amplitude & Phase Convergence - Heave
========================================================================================================================

    Time   Fy_Amp_Ref       Fy_Amp   Fy_Err_%  Mom_Amp_Ref      Mom_Amp  Mom_Err_%  Fy_Ph_Ref      Fy_Ph Fy_Ph_Err° Mom_Ph_Ref     Mom_Ph Mom_Ph_Err°
------------------------------------------------------------------------------------------------------------------------
    1250     0.495202     0.229647    -53.626     0.017286     0.007859    -54.533    -0.0670    -0.0549      0.693     1.5944     1.5250     -3.975
    2500     0.495202     0.230050    -53.544     0.017286     0.007905    -54.268    -0.0670    -0.0524      0.838     1.5944     1.5224     -4.124
    3750     0.495202     0.230109    -53.532     0.017286     0.007915    -54.209    -0.0670    -0.0518      0.874     1.5944     1.5221     -4.140
    5000     0.495202     0.230233    -53.507     0.017286     0.007928    -54.134    -0.0670    -0.0510      0.918     1.5944     1.5214     -4.184
    6250     0.495202     0.230225    -53.509     0.017286     0.007928    -54.136    -0.0670    -0.0510      0.918     1.5944     1.5214     -4.183
    7500     0.495202     0.230292    -53.495     0.017286     0.007935    -54.095    -0.0670    -0.0506      0.943     1.5944     1.5210     -4.208
    8750     0.495202     0.230269    -53.500     0.017286     0.007934    -54.102    -0.0670    -0.0506      0.940     1.5944     1.5211     -4.200
   10000     0.495202     0.230322    -53.489     0.017286     0.007939    -54.072    -0.0670    -0.0503      0.958     1.5944     1.5208     -4.220
   11250     0.495202     0.230293    -53.495     0.017286     0.007937    -54.085    -0.0670    -0.0504      0.952     1.5944     1.5209     -4.210
   12500     0.495202     0.230341    -53.486     0.017286     0.007941    -54.059    -0.0670    -0.0501      0.967     1.5944     1.5206     -4.228
