Flutter Derivatives Convergence Analysis - Heave
======================================================================================================================================================

  Time Interval         H1_Ref     H1_Current      H1_Error%         H4_Ref     H4_Current      H4_Error%         A1_Ref     A1_Current      A1_Error%         A4_Ref     A4_Current      A4_Error%
------------------------------------------------------------------------------------------------------------------------------------------------------
           1250      -0.099968      -0.084433        -15.540       1.489631       1.536262          3.130       0.142352       0.143720          0.961      -0.003361       0.006584       -295.903
           2500      -0.099968      -0.080690        -19.284       1.489631       1.539169          3.325       0.142352       0.144540          1.537      -0.003361       0.006996       -308.167
           3750      -0.099968      -0.079754        -20.221       1.489631       1.539613          3.355       0.142352       0.144723          1.666      -0.003361       0.007047       -309.690
           5000      -0.099968      -0.078626        -21.349       1.489631       1.540503          3.415       0.142352       0.144955          1.828      -0.003361       0.007170       -313.344
           6250      -0.099968      -0.078598        -21.377       1.489631       1.540449          3.411       0.142352       0.144950          1.825      -0.003361       0.007167       -313.241
           7500      -0.099968      -0.077961        -22.015       1.489631       1.540930          3.444       0.142352       0.145076          1.914      -0.003361       0.007236       -315.294
