Amplitude & Phase Convergence - Pitch
========================================================================================================================

    Time   Fy_Amp_Ref       Fy_Amp   Fy_Err_%  Mom_Amp_Ref      Mom_Amp  Mom_Err_%  Fy_Ph_Ref      Fy_Ph Fy_Ph_Err° Mom_Ph_Ref     Mom_Ph Mom_Ph_Err°
------------------------------------------------------------------------------------------------------------------------
    2000     0.045985     0.045636     -0.758     0.003564     0.003591      0.755     2.8769     2.8670     -0.567    -0.1150    -0.1028      0.695
    4000     0.045985     0.046022      0.081     0.003564     0.003558     -0.154     2.8769     2.8764     -0.028    -0.1150    -0.1100      0.286
    6000     0.045985     0.045888     -0.210     0.003564     0.003569      0.146     2.8769     2.8733     -0.203    -0.1150    -0.1075      0.428
    8000     0.045985     0.046018      0.073     0.003564     0.003558     -0.148     2.8769     2.8766     -0.017    -0.1150    -0.1098      0.293
   10000     0.045985     0.045939     -0.101     0.003564     0.003565      0.027     2.8769     2.8747     -0.123    -0.1150    -0.1084      0.377
   12000     0.045985     0.046015      0.067     0.003564     0.003559     -0.144     2.8769     2.8767     -0.012    -0.1150    -0.1098      0.297
   14000     0.045985     0.045960     -0.053     0.003564     0.003563     -0.025     2.8769     2.8754     -0.087    -0.1150    -0.1088      0.355
   16000     0.045985     0.045988      0.007     0.003564     0.003568      0.115     2.8769     2.8778      0.055    -0.1150    -0.1166     -0.094
   18000     0.045985     0.045956     -0.063     0.003564     0.003567      0.095     2.8769     2.8763     -0.034    -0.1150    -0.1152     -0.016
   20000     0.045985     0.045985      0.000     0.003564     0.003564      0.000     2.8769     2.8769      0.000    -0.1150    -0.1150      0.000
