Flutter Derivatives Convergence Analysis - Pitch
======================================================================================================================================================

  Time Interval         H2_Ref     H2_Current      H2_Error%         H3_Ref     H3_Current      H3_Error%         A2_Ref     A2_Current      A2_Error%         A3_Ref     A3_Current      A3_Error%
------------------------------------------------------------------------------------------------------------------------------------------------------
           2000       3.006905       3.092899          2.860     -11.092621     -10.978487         -1.029      -0.279126      -0.251658         -9.841       2.417431       2.438911          0.889
           4000       3.006905       3.014794          0.262     -11.092621     -11.100157          0.068      -0.279126      -0.266635         -4.475       2.417431       2.415071         -0.098
           6000       3.006905       3.039870          1.096     -11.092621     -11.058615         -0.307      -0.279126      -0.261443         -6.335       2.417431       2.422982          0.230
           8000       3.006905       3.012467          0.185     -11.092621     -11.099767          0.064      -0.279126      -0.266368         -4.571       2.417431       2.415258         -0.090
          10000       3.006905       3.027703          0.692     -11.092621     -11.074978         -0.159      -0.279126      -0.263304         -5.668       2.417431       2.419856          0.100
          12000       3.006905       3.011159          0.141     -11.092621     -11.099415          0.061      -0.279126      -0.266216         -4.625       2.417431       2.415361         -0.086
          14000       3.006905       3.022038          0.503     -11.092621     -11.082156         -0.094      -0.279126      -0.264076         -5.392       2.417431       2.418520          0.045
          16000       3.006905       2.996540         -0.345     -11.092621     -11.096250          0.033      -0.279126      -0.283402          1.532       2.417431       2.419747          0.096
          18000       3.006905       3.011510          0.153     -11.092621     -11.083845         -0.079      -0.279126      -0.280060          0.335       2.417431       2.419644          0.092
          20000       3.006905       3.006905          0.000     -11.092621     -11.092621         -0.000      -0.279126      -0.279126         -0.000       2.417431       2.417431          0.000
