Amplitude and Phase (Combined)
==============================================

U_reduced             Heave Amplitude          Fy Amplitude              Phase Fy      Moment Amplitude              Phase Mx
-----------------------------------------------------------------------------------------------------------------------------
21.85792349726776          1.830000e-02          1.509291e-02          1.898295e+00          1.077895e-03         -1.421206e+00
18.214936247723134          1.830000e-02          1.687733e-02          1.902012e+00          1.251895e-03         -1.435977e+00
13.66120218579235          1.830000e-02          1.920723e-02          1.836271e+00          1.610735e-03         -1.468732e+00
10.92896174863388          1.830000e-02          2.356246e-02          1.671121e+00          2.020706e-03         -1.483099e+00
6.830601092896175          1.830000e-02          3.254816e-02          1.746608e+00          3.118932e-03         -1.547782e+00
3.4153005464480874          1.830000e-02          4.113003e-02          1.427159e+00          5.979393e-03         -1.739382e+00
1.7076502732240437          1.830000e-02          2.330457e-01          4.892897e-01          1.451940e-02         -1.601872e+00
0.8538251366120219          1.830000e-02          8.214443e-01          1.498900e-01          3.255300e-02         -1.788735e+00
