Amplitude and Phase (Combined)
==============================================

U_reduced              Tita Amplitude          Fy Amplitude              Phase Fy      Moment Amplitude              Phase Mx
-----------------------------------------------------------------------------------------------------------------------------
21.85792349726776          8.700000e-02          9.648389e-02         -3.105909e+00          4.147621e-03         -1.751781e-01
18.214936247723134          8.700000e-02          9.097657e-02         -3.134307e+00          4.153938e-03         -2.295175e-01
13.66120218579235          8.700000e-02          7.696557e-02         -2.907030e+00          5.572659e-03          7.880374e-02
10.92896174863388          8.700000e-02          7.568898e-02         -3.116702e+00          5.686954e-03          1.145081e-01
6.830601092896175          8.700000e-02          7.803141e-02         -2.886887e+00          5.288681e-03          9.499413e-02
3.4153005464480874          8.700000e-02          3.532246e-02          2.942890e+00          5.991215e-03          6.261484e-02
1.7076502732240437          8.700000e-02          1.137520e-01          2.038823e+00          9.206390e-03          2.545976e-01
0.8538251366120219          8.700000e-02          2.131951e-01          1.845825e+00          2.086522e-02          2.212419e-01
