Amplitude and Phase (Combined)
==============================================

U_reduced             Heave Amplitude          Fy Amplitude              Phase Fy      Moment Amplitude              Phase Mx
-----------------------------------------------------------------------------------------------------------------------------
21.85792349726776          2.500000e-03          2.008068e-03          1.872591e+00          1.502873e-04         -1.406187e+00
18.214936247723134          2.500000e-03          2.271173e-03          1.873436e+00          1.737366e-04         -1.415733e+00
13.66120218579235          2.500000e-03          2.728031e-03          1.857016e+00          2.206520e-04         -1.454122e+00
10.92896174863388          2.500000e-03          3.169542e-03          1.825814e+00          2.701440e-04         -1.491286e+00
6.830601092896175          2.500000e-03          4.266169e-03          1.741348e+00          4.278144e-04         -1.552129e+00
3.4153005464480874          2.500000e-03          5.608805e-03          1.374229e+00          8.255404e-04         -1.738049e+00
1.7076502732240437          2.500000e-03          2.247304e-02          1.410072e-01          2.047059e-03         -1.793340e+00
0.8538251366120219          2.500000e-03          1.260643e-01          6.812718e-03          4.638108e-03         -1.574267e+00
