Amplitude and Phase (Combined)
==============================================

U_reduced              Tita Amplitude          Fy Amplitude              Phase Fy      Moment Amplitude              Phase Mx
-----------------------------------------------------------------------------------------------------------------------------
21.85792349726776          1.700000e-02          1.762863e-02         -2.851207e+00          1.220533e-03          1.905847e-01
18.214936247723134          1.700000e-02          1.665661e-02         -2.852450e+00          1.175391e-03          1.914464e-01
13.66120218579235          1.700000e-02          1.504595e-02         -2.882562e+00          1.137676e-03          1.689543e-01
10.92896174863388          1.700000e-02          1.401782e-02         -2.918794e+00          1.119573e-03          1.467861e-01
6.830601092896175          1.700000e-02          1.222157e-02         -3.026990e+00          1.131007e-03          1.521033e-01
3.4153005464480874          1.700000e-02          8.813390e-03          2.897029e+00          1.149836e-03          7.130531e-02
1.7076502732240437          1.700000e-02          1.483971e-02          2.171755e+00          1.653886e-03         -5.675791e-03
0.8538251366120219          1.700000e-02          3.920744e-02          1.800452e+00          4.048782e-03          1.449629e-01
