Amplitude & Phase Convergence - Heave
========================================================================================================================

    Time   Fy_Amp_Ref       Fy_Amp   Fy_Err_%  Mom_Amp_Ref      Mom_Amp  Mom_Err_%  Fy_Ph_Ref      Fy_Ph Fy_Ph_Err° Mom_Ph_Ref     Mom_Ph Mom_Ph_Err°
------------------------------------------------------------------------------------------------------------------------
     625     0.022542     0.010589    -53.023     0.003276     0.002184    -33.341    -1.4033    -1.0473     20.395     1.7433     1.7307     -0.724
    1250     0.022542     0.010354    -54.067     0.003276     0.002156    -34.187    -1.4033    -1.0815     18.435     1.7433     1.7356     -0.442
    1875     0.022542     0.010561    -53.150     0.003276     0.002161    -34.024    -1.4033    -1.0426     20.667     1.7433     1.7287     -0.841
    2500     0.022542     0.010608    -52.940     0.003276     0.002160    -34.069    -1.4033    -1.0356     21.069     1.7433     1.7275     -0.908
    3125     0.022542     0.011164    -50.474     0.003276     0.002176    -33.566    -1.4033    -0.9788     24.324     1.7433     1.7137     -1.700
    3750     0.022542     0.011107    -50.726     0.003276     0.002154    -34.256    -1.4033    -1.0151     22.243     1.7433     1.7179     -1.460
    4375     0.022542     0.013829    -38.653     0.003276     0.002070    -36.817    -1.4033    -1.1158     16.472     1.7433     1.6844     -3.374
    5000     0.022542     0.013169    -41.578     0.003276     0.002066    -36.940    -1.4033    -1.1277     15.788     1.7433     1.6904     -3.033
    5625     0.022542     0.012972    -42.453     0.003276     0.002043    -37.637    -1.4033    -1.2302      9.916     1.7433     1.7191     -1.390
    6250     0.022542     0.012503    -44.531     0.003276     0.002084    -36.395    -1.4033    -1.2211     10.437     1.7433     1.7293     -0.802
