Flutter Derivatives Convergence Analysis - Heave
======================================================================================================================================================

  Time Interval         H1_Ref     H1_Current      H1_Error%         H4_Ref     H4_Current      H4_Error%         A1_Ref     A1_Current      A1_Error%         A4_Ref     A4_Current      A4_Error%
------------------------------------------------------------------------------------------------------------------------------------------------------
            625      -1.072146      -0.737353        -31.226       0.181284       0.425582        134.759       0.425382       0.473598         11.335      -0.074133      -0.076382          3.035
           1250      -1.072146      -0.734778        -31.467       0.181284       0.391213        115.801       0.425382       0.467205          9.832      -0.074133      -0.077716          4.833
           1875      -1.072146      -0.733341        -31.601       0.181284       0.427915        136.047       0.425382       0.468896         10.230      -0.074133      -0.074643          0.688
           2500      -1.072146      -0.733592        -31.577       0.181284       0.434995        139.952       0.425382       0.468664         10.175      -0.074133      -0.074042         -0.122
           3125      -1.072146      -0.744790        -30.533       0.181284       0.500886        176.299       0.425382       0.473227         11.248      -0.074133      -0.068072         -8.175
           3750      -1.072146      -0.758608        -29.244       0.181284       0.471094        159.865       0.425382       0.468026         10.025      -0.074133      -0.069326         -6.484
