Amplitude & Phase Convergence - Heave
========================================================================================================================

    Time   Fy_Amp_Ref       Fy_Amp   Fy_Err_%  Mom_Amp_Ref      Mom_Amp  Mom_Err_%  Fy_Ph_Ref      Fy_Ph Fy_Ph_Err° Mom_Ph_Ref     Mom_Ph Mom_Ph_Err°
------------------------------------------------------------------------------------------------------------------------
     625     0.094737     0.073204    -22.729     0.008672     0.004692    -45.896    -0.0356    -0.2143    -10.236     1.7653     1.5726    -11.043
    1250     0.094737     0.072374    -23.605     0.008672     0.004728    -45.478    -0.0356    -0.2053     -9.725     1.7653     1.5804    -10.596
    1875     0.094737     0.072304    -23.679     0.008672     0.004738    -45.359    -0.0356    -0.2007     -9.461     1.7653     1.5825    -10.475
    2500     0.094737     0.072021    -23.977     0.008672     0.004751    -45.216    -0.0356    -0.1967     -9.228     1.7653     1.5860    -10.274
    3125     0.094737     0.072229    -23.758     0.008672     0.004747    -45.263    -0.0356    -0.1962     -9.202     1.7653     1.5856    -10.296
    3750     0.094737     0.071485    -24.543     0.008672     0.004760    -45.105    -0.0356    -0.1931     -9.023     1.7653     1.5924     -9.907
    4375     0.094737     0.071164    -24.882     0.008672     0.004733    -45.415    -0.0356    -0.1963     -9.209     1.7653     1.5985     -9.556
    5000     0.094737     0.070729    -25.341     0.008672     0.004745    -45.282    -0.0356    -0.1973     -9.264     1.7653     1.6000     -9.470
    5625     0.094737     0.069969    -26.144     0.008672     0.004753    -45.193    -0.0356    -0.1955     -9.161     1.7653     1.6079     -9.020
    6250     0.094737     0.069813    -26.309     0.008672     0.004745    -45.279    -0.0356    -0.1974     -9.270     1.7653     1.6112     -8.829
