Flutter Derivatives Convergence Analysis - Heave
======================================================================================================================================================

  Time Interval         H1_Ref     H1_Current      H1_Error%         H4_Ref     H4_Current      H4_Error%         A1_Ref     A1_Current      A1_Error%         A4_Ref     A4_Current      A4_Error%
------------------------------------------------------------------------------------------------------------------------------------------------------
            625      -0.040681      -0.312851        669.041       1.141759       1.437698         25.920       0.280339       0.257651         -8.093      -0.055225      -0.000456        -99.175
           1250      -0.040681      -0.296611        629.121       1.141759       1.424105         24.729       0.280339       0.259627         -7.388      -0.055225      -0.002483        -95.504
           1875      -0.040681      -0.289762        612.284       1.141759       1.424074         24.726       0.280339       0.260189         -7.188      -0.055225      -0.003041        -94.493
           2500      -0.040681      -0.282861        595.321       1.141759       1.419674         24.341       0.280339       0.260857         -6.950      -0.055225      -0.003963        -92.823
           3125      -0.040681      -0.283032        595.741       1.141759       1.423900         24.711       0.280339       0.260637         -7.028      -0.055225      -0.003861        -93.008
           3750      -0.040681      -0.275719        577.763       1.141759       1.410100         23.502       0.280339       0.261355         -6.772      -0.055225      -0.005646        -89.776
