Amplitude & Phase Convergence - Heave
========================================================================================================================

    Time   Fy_Amp_Ref       Fy_Amp   Fy_Err_%  Mom_Amp_Ref      Mom_Amp  Mom_Err_%  Fy_Ph_Ref      Fy_Ph Fy_Ph_Err° Mom_Ph_Ref     Mom_Ph Mom_Ph_Err°
------------------------------------------------------------------------------------------------------------------------
     625     0.495202     0.310511    -37.296     0.017286     0.010447    -39.564    -0.0670    -0.0597      0.421     1.5944     1.4980     -5.525
    1250     0.495202     0.309791    -37.441     0.017286     0.010543    -39.011    -0.0670    -0.0536      0.771     1.5944     1.5063     -5.050
    1875     0.495202     0.309534    -37.493     0.017286     0.010566    -38.873    -0.0670    -0.0516      0.885     1.5944     1.5089     -4.896
    2500     0.495202     0.309129    -37.575     0.017286     0.010598    -38.690    -0.0670    -0.0493      1.012     1.5944     1.5127     -4.684
    3125     0.495202     0.309304    -37.540     0.017286     0.010583    -38.777    -0.0670    -0.0502      0.962     1.5944     1.5107     -4.793
    3750     0.495202     0.308252    -37.752     0.017286     0.010632    -38.493    -0.0670    -0.0469      1.153     1.5944     1.5192     -4.312
    4375     0.495202     0.306853    -38.035     0.017286     0.010512    -39.190    -0.0670    -0.0523      0.845     1.5944     1.5247     -3.993
    5000     0.495202     0.307269    -37.951     0.017286     0.010592    -38.724    -0.0670    -0.0489      1.038     1.5944     1.5241     -4.030
    5625     0.495202     0.305232    -38.362     0.017286     0.010544    -39.000    -0.0670    -0.0494      1.007     1.5944     1.5368     -3.299
    6250     0.495202     0.306020    -38.203     0.017286     0.010562    -38.898    -0.0670    -0.0503      0.959     1.5944     1.5309     -3.639
