Flutter Derivatives Convergence Analysis - Heave
======================================================================================================================================================

  Time Interval         H1_Ref     H1_Current      H1_Error%         H4_Ref     H4_Current      H4_Error%         A1_Ref     A1_Current      A1_Error%         A4_Ref     A4_Current      A4_Error%
------------------------------------------------------------------------------------------------------------------------------------------------------
            625      -0.099968      -0.093023         -6.947       1.489631       1.557488          4.555       0.142352       0.143045          0.487      -0.003361       0.010437       -410.549
           1250      -0.099968      -0.083330        -16.644       1.489631       1.554414          4.349       0.142352       0.144438          1.465      -0.003361       0.009333       -377.704
           1875      -0.099968      -0.080174        -19.801       1.489631       1.553287          4.273       0.142352       0.144788          1.711      -0.003361       0.008967       -366.818
           2500      -0.099968      -0.076617        -23.359       1.489631       1.551429          4.149       0.142352       0.145255          2.039      -0.003361       0.008455       -351.583
           3125      -0.099968      -0.078015        -21.960       1.489631       1.552239          4.203       0.142352       0.145033          1.884      -0.003361       0.008719       -359.445
           3750      -0.099968      -0.072597        -27.380       1.489631       1.547211          3.865       0.142352       0.145773          2.403      -0.003361       0.007535       -324.211
