Amplitude & Phase Convergence - Heave
========================================================================================================================

    Time   Fy_Amp_Ref       Fy_Amp   Fy_Err_%  Mom_Amp_Ref      Mom_Amp  Mom_Err_%  Fy_Ph_Ref      Fy_Ph Fy_Ph_Err° Mom_Ph_Ref     Mom_Ph Mom_Ph_Err°
------------------------------------------------------------------------------------------------------------------------
    2000     0.012705     0.012179     -4.145     0.001082     0.001110      2.623    -1.8279    -1.7909      2.120     1.4902     1.4627     -1.577
    4000     0.012705     0.012680     -0.196     0.001082     0.001080     -0.154    -1.8279    -1.8301     -0.126     1.4902     1.4967      0.371
    6000     0.012705     0.012574     -1.032     0.001082     0.001088      0.588    -1.8279    -1.8210      0.398     1.4902     1.4855     -0.268
    8000     0.012705     0.012627     -0.616     0.001082     0.001083      0.141    -1.8279    -1.8262      0.098     1.4902     1.4925      0.130
   10000     0.012705     0.012682     -0.180     0.001082     0.001082     -0.010    -1.8279    -1.8290     -0.063     1.4902     1.4932      0.169
   12000     0.012705     0.012616     -0.705     0.001082     0.001085      0.261    -1.8279    -1.8249      0.174     1.4902     1.4903      0.003
   14000     0.012705     0.012702     -0.028     0.001082     0.001080     -0.170    -1.8279    -1.8310     -0.176     1.4902     1.4956      0.309
   16000     0.012705     0.012701     -0.033     0.001082     0.001083      0.076    -1.8279    -1.8257      0.127     1.4902     1.4887     -0.085
   18000     0.012705     0.012749      0.346     0.001082     0.001079     -0.241    -1.8279    -1.8306     -0.153     1.4902     1.4934      0.181
   20000     0.012705     0.012705      0.000     0.001082     0.001082      0.000    -1.8279    -1.8279      0.000     1.4902     1.4902      0.000
