Flutter Derivatives Convergence Analysis - Heave
======================================================================================================================================================

  Time Interval         H1_Ref     H1_Current      H1_Error%         H4_Ref     H4_Current      H4_Error%         A1_Ref     A1_Current      A1_Error%         A4_Ref     A4_Current      A4_Error%
------------------------------------------------------------------------------------------------------------------------------------------------------
           2000      -6.069558      -5.870589         -3.278      -1.596099      -1.313697        -17.693       1.455127       1.489407          2.356       0.117503       0.161622         37.547
           4000      -6.069558      -6.054177         -0.253      -1.596099      -1.606259          0.637       1.455127       1.453620         -0.104       0.117503       0.107918         -8.157
           6000      -6.069558      -6.017749         -0.854      -1.596099      -1.537849         -3.650       1.455127       1.463121          0.549       0.117503       0.125034          6.409
           8000      -6.069558      -6.034885         -0.571      -1.596099      -1.575955         -1.262       1.455127       1.457444          0.159       0.117503       0.114362         -2.674
          10000      -6.069558      -6.056848         -0.209      -1.596099      -1.599877          0.237       1.455127       1.455325          0.014       0.117503       0.113204         -3.658
          12000      -6.069558      -6.031576         -0.626      -1.596099      -1.566548         -1.851       1.455127       1.458935          0.262       0.117503       0.117740          0.202
          14000      -6.069558      -6.062905         -0.110      -1.596099      -1.614309          1.141       1.455127       1.453262         -0.128       0.117503       0.109459         -6.846
          16000      -6.069558      -6.071052          0.025      -1.596099      -1.582156         -0.874       1.455127       1.456057          0.064       0.117503       0.119763          1.923
          18000      -6.069558      -6.086280          0.276      -1.596099      -1.617898          1.366       1.455127       1.451988         -0.216       0.117503       0.112634         -4.144
          20000      -6.069558      -6.069558         -0.000      -1.596099      -1.596099         -0.000       1.455127       1.455127          0.000       0.117503       0.117503          0.000
