Amplitude and Phase (Combined)
==============================================

U_reduced             Heave Amplitude          Fy Amplitude              Phase Fy      Moment Amplitude              Phase Mx
-----------------------------------------------------------------------------------------------------------------------------
21.85792349726776          1.500000e-02          1.214592e-02          1.876625e+00          8.976940e-04         -1.407123e+00
18.214936247723134          1.500000e-02          1.369718e-02          1.881770e+00          1.038804e-03         -1.421792e+00
13.66120218579235          1.500000e-02          1.648718e-02          1.865779e+00          1.317972e-03         -1.459792e+00
10.92896174863388          1.500000e-02          1.905650e-02          1.834584e+00          1.621211e-03         -1.497555e+00
6.830601092896175          1.500000e-02          2.612599e-02          1.740994e+00          2.562918e-03         -1.545133e+00
3.4153005464480874          1.500000e-02          3.375403e-02          1.421726e+00          4.899851e-03         -1.746393e+00
1.7076502732240437          1.500000e-02          1.656222e-01          7.693949e-02          1.289147e-02         -1.658030e+00
0.8538251366120219          1.500000e-02          6.913664e-01          6.769218e-02          2.760632e-02         -1.738800e+00
