Amplitude and Phase (Combined)
==============================================

U_reduced              Tita Amplitude          Fy Amplitude              Phase Fy      Moment Amplitude              Phase Mx
-----------------------------------------------------------------------------------------------------------------------------
21.85792349726776          7.000000e-02          7.953243e-02         -2.821270e+00          4.353139e-03          2.244566e-02
18.214936247723134          7.000000e-02          7.415854e-02         -2.776353e+00          4.368542e-03          5.843831e-02
13.66120218579235          7.000000e-02          6.580894e-02         -2.809201e+00          4.440031e-03          7.998560e-02
10.92896174863388          7.000000e-02          6.011852e-02         -2.872486e+00          4.524210e-03          8.653660e-02
6.830601092896175          7.000000e-02          5.300400e-02         -3.009496e+00          4.635923e-03          1.568336e-01
3.4153005464480874          7.000000e-02          3.397404e-02          2.876813e+00          4.757924e-03          8.139447e-02
1.7076502732240437          7.000000e-02          8.346780e-02          1.990826e+00          7.413419e-03          1.864404e-01
0.8538251366120219          7.000000e-02          1.760493e-01          1.802876e+00          1.705542e-02          2.112836e-01
