Amplitude and Phase (Combined)
==============================================

U_reduced             Heave Amplitude          Fy Amplitude              Phase Fy      Moment Amplitude              Phase Mx
-----------------------------------------------------------------------------------------------------------------------------
21.85792349726776          1.000000e-02          8.094401e-03          1.874852e+00          5.989074e-04         -1.403345e+00
18.214936247723134          1.000000e-02          9.114585e-03          1.876454e+00          6.942402e-04         -1.418175e+00
13.66120218579235          1.000000e-02          1.092605e-02          1.858358e+00          8.814152e-04         -1.456857e+00
10.92896174863388          1.000000e-02          1.270530e-02          1.827942e+00          1.081686e-03         -1.490220e+00
6.830601092896175          1.000000e-02          1.734454e-02          1.737769e+00          1.709218e-03         -1.543927e+00
3.4153005464480874          1.000000e-02          2.254151e-02          1.403295e+00          3.276156e-03         -1.743337e+00
1.7076502732240437          1.000000e-02          9.473660e-02          3.561477e-02          8.671626e-03         -1.765300e+00
0.8538251366120219          1.000000e-02          4.952022e-01          6.700887e-02          1.728597e-02         -1.594401e+00
