Amplitude and Phase (Combined)
==============================================

U_reduced              Tita Amplitude          Fy Amplitude              Phase Fy      Moment Amplitude              Phase Mx
-----------------------------------------------------------------------------------------------------------------------------
21.85792349726776          5.400000e-02          6.092766e-02         -2.761907e+00          3.537436e-03          1.193483e-01
18.214936247723134          5.400000e-02          5.590559e-02         -2.767153e+00          3.526535e-03          1.194869e-01
13.66120218579235          5.400000e-02          4.950726e-02         -2.820750e+00          3.543625e-03          1.122779e-01
10.92896174863388          5.400000e-02          4.598478e-02         -2.876881e+00          3.563640e-03          1.149547e-01
6.830601092896175          5.400000e-02          4.085118e-02         -3.008822e+00          3.613482e-03          1.584265e-01
3.4153005464480874          5.400000e-02          2.721231e-02          2.876141e+00          3.703815e-03          7.982424e-02
1.7076502732240437          5.400000e-02          6.308413e-02          1.998098e+00          5.765978e-03          1.628272e-01
0.8538251366120219          5.400000e-02          1.359647e-01          1.777418e+00          1.343244e-02          1.971182e-01
