Amplitude and Phase (Combined)
==============================================

U_reduced             Heave Amplitude          Fy Amplitude              Phase Fy      Moment Amplitude              Phase Mx
-----------------------------------------------------------------------------------------------------------------------------
21.85792350                0.00900000            0.00729384            1.87954331            0.00053818           -1.40884392
18.21493625                0.00900000            0.00821121            1.88218512            0.00062297           -1.42129652
13.66120219                0.00900000            0.00955444            1.85175086            0.00079742           -1.45748397
10.92896175                0.00900000            0.01166615            1.76605094            0.00098687           -1.48339382
6.83060109                 0.00900000            0.01564222            1.73293977            0.00153636           -1.54425819
3.41530055                 0.00900000            0.02002648            1.39891511            0.00296234           -1.74350614
1.70765027                 0.00900000            0.09733982            0.12855882            0.00767346           -1.69252911
0.85382514                 0.00900000            0.44778471            0.07576727            0.01544936           -1.57696268
