Amplitude and Phase (Combined)
==============================================

U_reduced              Tita Amplitude          Fy Amplitude              Phase Fy      Moment Amplitude              Phase Mx
-----------------------------------------------------------------------------------------------------------------------------
21.85792350                0.02700000            0.02938437           -2.78509207            0.00181665            0.14691016
18.21493625                0.02700000            0.02733863           -2.78338125            0.00176977            0.12713699
13.66120219                0.02700000            0.02344580           -2.83070931            0.00180612            0.14382001
10.92896175                0.02700000            0.02283703           -2.95988319            0.00179407            0.15039781
6.83060109                 0.02700000            0.02027505           -2.96934084            0.00178551            0.13198652
3.41530055                 0.02700000            0.01344149            2.87164526            0.00183179            0.07995849
1.70765027                 0.02700000            0.02538551            2.05210131            0.00273205            0.03918282
0.85382514                 0.02700000            0.06786357            1.86943213            0.00622024            0.21744928
