Amplitude and Phase (Combined)
==============================================

U_reduced             Heave Amplitude          Fy Amplitude              Phase Fy      Moment Amplitude              Phase Mx
-----------------------------------------------------------------------------------------------------------------------------
21.85792349726776          1.830000e-02          1.532882e-02          1.918769e+00          1.056531e-03         -1.438249e+00
18.214936247723134          1.830000e-02          1.711125e-02          1.919586e+00          1.230721e-03         -1.454643e+00
13.66120218579235          1.830000e-02          2.041674e-02          1.893379e+00          1.595704e-03         -1.491048e+00
10.92896174863388          1.830000e-02          2.454176e-02          1.711990e+00          2.015356e-03         -1.490330e+00
6.830601092896175          1.830000e-02          3.636731e-02          1.631798e+00          3.103225e-03         -1.500516e+00
3.4153005464480874          1.830000e-02          7.596070e-02          1.210462e+00          6.612487e-03         -1.591571e+00
1.7076502732240437          1.830000e-02          2.340952e-01          4.607404e-01          1.482820e-02         -1.601800e+00
0.8538251366120219          1.830000e-02          8.254723e-01          1.506525e-01          3.281522e-02         -1.776163e+00
