Amplitude and Phase (Combined)
==============================================

U_reduced              Tita Amplitude          Fy Amplitude              Phase Fy      Moment Amplitude              Phase Mx
-----------------------------------------------------------------------------------------------------------------------------
21.85792349726776          8.700000e-02          1.007809e-01         -2.988210e+00          4.083401e-03         -1.439778e-01
18.214936247723134          8.700000e-02          1.011939e-01         -2.930202e+00          4.116616e-03         -8.378020e-02
13.66120218579235          8.700000e-02          9.232389e-02         -2.997245e+00          4.489210e-03         -2.076930e-01
10.92896174863388          8.700000e-02          7.092035e-02         -2.954793e+00          5.278678e-03          7.173432e-02
6.830601092896175          8.700000e-02          7.006651e-02         -3.039473e+00          5.695935e-03          1.343004e-01
3.4153005464480874          8.700000e-02          4.996503e-02          2.674096e+00          6.472646e-03          1.705250e-01
1.7076502732240437          8.700000e-02          1.140132e-01          2.180928e+00          8.224422e-03          2.839779e-01
0.8538251366120219          8.700000e-02          1.943941e-01          1.917132e+00          1.989858e-02          1.705746e-01
