Amplitude & Phase Convergence - Heave
========================================================================================================================

    Time   Fy_Amp_Ref       Fy_Amp   Fy_Err_%  Mom_Amp_Ref      Mom_Amp  Mom_Err_%  Fy_Ph_Ref      Fy_Ph Fy_Ph_Err° Mom_Ph_Ref     Mom_Ph Mom_Ph_Err°
------------------------------------------------------------------------------------------------------------------------
    2500     0.010926     0.009633    -11.831     0.000881     0.000797     -9.588    -1.8584    -1.8947     -2.082     1.4569     1.4614      0.262
    5000     0.010926     0.009533    -12.754     0.000881     0.000799     -9.374    -1.8584    -1.8707     -0.707     1.4569     1.4610      0.235
    7500     0.010926     0.009534    -12.739     0.000881     0.000799     -9.397    -1.8584    -1.8634     -0.286     1.4569     1.4597      0.166
   10000     0.010926     0.009538    -12.706     0.000881     0.000798     -9.416    -1.8584    -1.8596     -0.070     1.4569     1.4591      0.131
   12500     0.010926     0.009540    -12.688     0.000881     0.000798     -9.431    -1.8584    -1.8570      0.080     1.4569     1.4587      0.107
   15000     0.010926     0.009544    -12.653     0.000881     0.000798     -9.452    -1.8584    -1.8554      0.171     1.4569     1.4584      0.087
   17500     0.010926     0.009546    -12.627     0.000881     0.000798     -9.471    -1.8584    -1.8540      0.249     1.4569     1.4581      0.070
   20000     0.010926     0.009549    -12.600     0.000881     0.000798     -9.492    -1.8584    -1.8531      0.301     1.4569     1.4579      0.057
   22500     0.010926     0.009552    -12.576     0.000881     0.000798     -9.511    -1.8584    -1.8524      0.344     1.4569     1.4577      0.046
   25000     0.010926     0.009554    -12.554     0.000881     0.000797     -9.530    -1.8584    -1.8518      0.379     1.4569     1.4575      0.036
