Flutter Derivatives Convergence Analysis - Heave
======================================================================================================================================================

  Time Interval         H1_Ref     H1_Current      H1_Error%         H4_Ref     H4_Current      H4_Error%         A1_Ref     A1_Current      A1_Error%         A4_Ref     A4_Current      A4_Error%
------------------------------------------------------------------------------------------------------------------------------------------------------
           2500      -8.086601      -7.831772         -3.151      -2.391686      -2.629247          9.933       1.846657       1.856066          0.509       0.211322       0.203793         -3.563
           5000      -8.086601      -7.809902         -3.422      -2.391686      -2.415103          0.979       1.846657       1.860358          0.742       0.211322       0.205153         -2.919
           7500      -8.086601      -7.828858         -3.187      -2.391686      -2.358039         -1.407       1.846657       1.859638          0.703       0.211322       0.207365         -1.873
          10000      -8.086601      -7.840672         -3.041      -2.391686      -2.329350         -2.606       1.846657       1.859132          0.676       0.211322       0.208435         -1.366
          12500      -8.086601      -7.848350         -2.946      -2.391686      -2.309324         -3.444       1.846657       1.858720          0.653       0.211322       0.209197         -1.006
          15000      -8.086601      -7.855120         -2.863      -2.391686      -2.297701         -3.930       1.846657       1.858217          0.626       0.211322       0.209778         -0.731
