Amplitude & Phase Convergence - Heave
========================================================================================================================

    Time   Fy_Amp_Ref       Fy_Amp   Fy_Err_%  Mom_Amp_Ref      Mom_Amp  Mom_Err_%  Fy_Ph_Ref      Fy_Ph Fy_Ph_Err° Mom_Ph_Ref     Mom_Ph Mom_Ph_Err°
------------------------------------------------------------------------------------------------------------------------
    2500     0.017345     0.015624     -9.918     0.001709     0.001550     -9.316    -1.7378    -1.7285      0.528     1.5439     1.5476      0.210
    5000     0.017345     0.015607    -10.019     0.001709     0.001544     -9.690    -1.7378    -1.7319      0.337     1.5439     1.5466      0.152
    7500     0.017345     0.015614     -9.977     0.001709     0.001541     -9.853    -1.7378    -1.7330      0.273     1.5439     1.5460      0.117
   10000     0.017345     0.015621     -9.939     0.001709     0.001539     -9.938    -1.7378    -1.7333      0.253     1.5439     1.5456      0.095
   12500     0.017345     0.015626     -9.907     0.001709     0.001538     -9.990    -1.7378    -1.7333      0.254     1.5439     1.5452      0.074
   15000     0.017345     0.015631     -9.882     0.001709     0.001538    -10.027    -1.7378    -1.7333      0.255     1.5439     1.5450      0.059
   17500     0.017345     0.015634     -9.861     0.001709     0.001537    -10.057    -1.7378    -1.7332      0.260     1.5439     1.5447      0.046
   20000     0.017345     0.015637     -9.843     0.001709     0.001537    -10.079    -1.7378    -1.7331      0.265     1.5439     1.5446      0.036
   22500     0.017345     0.015640     -9.828     0.001709     0.001537    -10.098    -1.7378    -1.7330      0.271     1.5439     1.5444      0.027
   25000     0.017345     0.015642     -9.815     0.001709     0.001536    -10.114    -1.7378    -1.7329      0.277     1.5439     1.5443      0.019
