Flutter Derivatives Convergence Analysis - Heave
======================================================================================================================================================

  Time Interval         H1_Ref     H1_Current      H1_Error%         H4_Ref     H4_Current      H4_Error%         A1_Ref     A1_Current      A1_Error%         A4_Ref     A4_Current      A4_Error%
------------------------------------------------------------------------------------------------------------------------------------------------------
           2500      -3.300140      -3.308150          0.243      -0.556213      -0.526244         -5.388       0.900765       0.907693          0.769       0.024209       0.021066        -12.981
           5000      -3.300140      -3.302661          0.076      -0.556213      -0.536670         -3.514       0.900765       0.903933          0.352       0.024209       0.021899         -9.540
           7500      -3.300140      -3.303603          0.105      -0.556213      -0.540607         -2.806       0.900765       0.902283          0.168       0.024209       0.022399         -7.475
          10000      -3.300140      -3.304811          0.142      -0.556213      -0.541984         -2.558       0.900765       0.901428          0.074       0.024209       0.022738         -6.077
          12500      -3.300140      -3.305998          0.178      -0.556213      -0.542114         -2.535       0.900765       0.900894          0.014       0.024209       0.023056         -4.763
          15000      -3.300140      -3.306917          0.205      -0.556213      -0.542218         -2.516       0.900765       0.900516         -0.028       0.024209       0.023269         -3.883
