Amplitude and Phase (Combined)
==============================================

U_reduced             Heave Amplitude          Fy Amplitude              Phase Fy      Moment Amplitude              Phase Mx
-----------------------------------------------------------------------------------------------------------------------------
21.85792349726776          1.830000e-02          1.459503e-02          1.873641e+00          1.067279e-03         -1.441379e+00
18.214936247723134          1.830000e-02          1.770537e-02          1.923443e+00          1.196187e-03         -1.485156e+00
13.66120218579235          1.830000e-02          2.121946e-02          1.909031e+00          1.560198e-03         -1.532283e+00
10.92896174863388          1.830000e-02          2.416788e-02          1.858403e+00          1.968173e-03         -1.541914e+00
6.830601092896175          1.830000e-02          4.521970e-02          1.453457e+00          3.539024e-03         -1.412336e+00
3.4153005464480874          1.830000e-02          7.446060e-02          1.180693e+00          6.779588e-03         -1.586066e+00
1.7076502732240437          1.830000e-02          2.341049e-01          4.744276e-01          1.475015e-02         -1.605828e+00
0.8538251366120219          1.830000e-02          8.239032e-01          1.560876e-01          3.269459e-02         -1.780666e+00
