Amplitude and Phase (Combined)
==============================================

U_reduced              Tita Amplitude          Fy Amplitude              Phase Fy      Moment Amplitude              Phase Mx
-----------------------------------------------------------------------------------------------------------------------------
21.85792349726776          8.700000e-02          1.016273e-01         -3.026040e+00          4.657380e-03         -1.193003e-01
18.214936247723134          8.700000e-02          8.718309e-02         -2.928967e+00          4.208546e-03         -1.358554e-01
13.66120218579235          8.700000e-02          9.416606e-02         -2.931512e+00          4.516306e-03         -9.355264e-02
10.92896174863388          8.700000e-02          9.410414e-02         -2.946490e+00          4.303039e-03         -7.998384e-02
6.830601092896175          8.700000e-02          7.796691e-02          3.088625e+00          5.644186e-03          3.115175e-01
3.4153005464480874          8.700000e-02          4.760140e-02          2.631877e+00          6.419363e-03          1.765156e-01
1.7076502732240437          8.700000e-02          1.171790e-01          2.179019e+00          8.283556e-03          3.247946e-01
0.8538251366120219          8.700000e-02          1.923056e-01          1.918417e+00          1.991062e-02          1.793549e-01
