Amplitude and Phase (Combined)
==============================================

U_reduced             Heave Amplitude          Fy Amplitude              Phase Fy      Moment Amplitude              Phase Mx
-----------------------------------------------------------------------------------------------------------------------------
21.85792349726776          2.000000e-02          1.625700e-02          1.879698e+00          1.193075e-03         -1.408834e+00
18.214936247723134          2.000000e-02          1.833392e-02          1.889322e+00          1.379091e-03         -1.426082e+00
13.66120218579235          2.000000e-02          2.207671e-02          1.870895e+00          1.752313e-03         -1.464364e+00
10.92896174863388          2.000000e-02          2.553796e-02          1.843104e+00          2.156598e-03         -1.505188e+00
6.830601092896175          2.000000e-02          3.514558e-02          1.747752e+00          3.418198e-03         -1.547288e+00
3.4153005464480874          2.000000e-02          4.642643e-02          1.430560e+00          6.483513e-03         -1.740314e+00
1.7076502732240437          2.000000e-02          2.338542e-01          1.358667e-01          1.658664e-02         -1.616407e+00
0.8538251366120219          2.000000e-02          8.956900e-01          1.562947e-01          3.512673e-02         -1.805496e+00
