Amplitude and Phase (Combined)
==============================================

U_reduced              Tita Amplitude          Fy Amplitude              Phase Fy      Moment Amplitude              Phase Mx
-----------------------------------------------------------------------------------------------------------------------------
21.85792349726776          1.047000e-01          1.093957e-01          3.131001e+00          5.610207e-03         -2.417836e-01
18.214936247723134          1.047000e-01          1.174769e-01          3.068140e+00          6.294893e-03         -2.071006e-01
13.66120218579235          1.047000e-01          1.146858e-01         -3.070024e+00          6.996099e-03         -2.955297e-02
10.92896174863388          1.047000e-01          9.721030e-02         -2.923053e+00          6.746883e-03          5.197244e-02
6.830601092896175          1.047000e-01          8.162258e-02         -3.018506e+00          6.914750e-03          1.612623e-01
3.4153005464480874          1.047000e-01          5.247075e-02          2.894551e+00          7.059876e-03          1.144613e-01
1.7076502732240437          1.047000e-01          1.260047e-01          1.984337e+00          1.104780e-02          2.020504e-01
0.8538251366120219          1.047000e-01          2.619899e-01          1.828803e+00          2.551768e-02          2.196032e-01
