Amplitude & Phase Convergence - Heave
========================================================================================================================

    Time   Fy_Amp_Ref       Fy_Amp   Fy_Err_%  Mom_Amp_Ref      Mom_Amp  Mom_Err_%  Fy_Ph_Ref      Fy_Ph Fy_Ph_Err° Mom_Ph_Ref     Mom_Ph Mom_Ph_Err°
------------------------------------------------------------------------------------------------------------------------
     625     0.495202     0.494534     -0.135     0.017286     0.018151      5.002    -0.0670    -0.0327      1.967     1.5944     1.6136      1.098
    1250     0.495202     0.493106     -0.423     0.017286     0.017337      0.294    -0.0670    -0.0652      0.106     1.5944     1.6044      0.571
    1875     0.495202     0.496964      0.356     0.017286     0.017469      1.059    -0.0670    -0.0610      0.347     1.5944     1.5900     -0.250
    2500     0.495202     0.493700     -0.303     0.017286     0.017330      0.256    -0.0670    -0.0643      0.158     1.5944     1.6028      0.479
    3125     0.495202     0.495202      0.000     0.017286     0.017286      0.000    -0.0670    -0.0670      0.000     1.5944     1.5944      0.000
