Flutter Derivatives Convergence Analysis - Heave
======================================================================================================================================================

  Time Interval         H1_Ref     H1_Current      H1_Error%         H4_Ref     H4_Current      H4_Error%         A1_Ref     A1_Current      A1_Error%         A4_Ref     A4_Current      A4_Error%
------------------------------------------------------------------------------------------------------------------------------------------------------
            625      -0.099968      -0.048704        -51.281       1.489631       1.490171          0.036       0.142352       0.149377          4.935      -0.003361      -0.006392         90.195
           1250      -0.099968      -0.096803         -3.167       1.489631       1.483507         -0.411       0.142352       0.142730          0.265      -0.003361      -0.004793         42.630
           1875      -0.099968      -0.091280         -8.691       1.489631       1.495512          0.395       0.142352       0.143873          1.069      -0.003361      -0.002769        -17.622
           2500      -0.099968      -0.095579         -4.391       1.489631       1.485382         -0.285       0.142352       0.142683          0.233      -0.003361      -0.004561         35.722
           3125      -0.099968      -0.099968         -0.000       1.489631       1.489631          0.000       0.142352       0.142352          0.000      -0.003361      -0.003361         -0.000
