Amplitude & Phase Convergence - Heave
========================================================================================================================

    Time   Fy_Amp_Ref       Fy_Amp   Fy_Err_%  Mom_Amp_Ref      Mom_Amp  Mom_Err_%  Fy_Ph_Ref      Fy_Ph Fy_Ph_Err° Mom_Ph_Ref     Mom_Ph Mom_Ph_Err°
------------------------------------------------------------------------------------------------------------------------
     625     0.094737     0.097325      2.732     0.008672     0.007957     -8.246    -0.0356    -0.0613     -1.474     1.7653     1.7386     -1.528
    1250     0.094737     0.094701     -0.037     0.008672     0.007714    -11.045    -0.0356    -0.1308     -5.452     1.7653     1.7018     -3.638
    1875     0.094737     0.096537      1.901     0.008672     0.007778    -10.310    -0.0356    -0.1088     -4.195     1.7653     1.7077     -3.302
    2500     0.094737     0.096990      2.379     0.008672     0.007616    -12.172    -0.0356    -0.1423     -6.112     1.7653     1.6904     -4.291
    3125     0.094737     0.097340      2.748     0.008672     0.007673    -11.511    -0.0356    -0.1286     -5.325     1.7653     1.6925     -4.169
