Flutter Derivatives Convergence Analysis - Heave
======================================================================================================================================================

  Time Interval         H1_Ref     H1_Current      H1_Error%         H4_Ref     H4_Current      H4_Error%         A1_Ref     A1_Current      A1_Error%         A4_Ref     A4_Current      A4_Error%
------------------------------------------------------------------------------------------------------------------------------------------------------
            625      -0.040681      -0.079949         96.528       1.141759       1.301650         14.004       0.280339       0.287203          2.448      -0.055225      -0.048663        -11.883
           1250      -0.040681      -0.165462        306.734       1.141759       1.258116         10.191       0.280339       0.279990         -0.125      -0.055225      -0.036895        -33.192
           1875      -0.040681      -0.140495        245.361       1.141759       1.285901         12.625       0.280339       0.282081          0.621      -0.055225      -0.038851        -29.649
           2500      -0.040681      -0.184290        353.017       1.141759       1.286487         12.676       0.280339       0.276839         -1.249      -0.055225      -0.033274        -39.748
           3125      -0.040681      -0.167219        311.052       1.141759       1.293544         13.294       0.280339       0.278852         -0.531      -0.055225      -0.034114        -38.227
