Amplitude & Phase Convergence - Heave
========================================================================================================================

    Time   Fy_Amp_Ref       Fy_Amp   Fy_Err_%  Mom_Amp_Ref      Mom_Amp  Mom_Err_%  Fy_Ph_Ref      Fy_Ph Fy_Ph_Err° Mom_Ph_Ref     Mom_Ph Mom_Ph_Err°
------------------------------------------------------------------------------------------------------------------------
     625     0.495202     0.450546     -9.018     0.017286     0.015061    -12.874    -0.0670    -0.0954     -1.625     1.5944     1.5531     -2.367
    1250     0.495202     0.447673     -9.598     0.017286     0.015685     -9.260    -0.0670    -0.0666      0.021     1.5944     1.5825     -0.680
    1875     0.495202     0.447654     -9.602     0.017286     0.015375    -11.055    -0.0670    -0.0796     -0.719     1.5944     1.5756     -1.075
    2500     0.495202     0.450539     -9.019     0.017286     0.015503    -10.313    -0.0670    -0.0739     -0.398     1.5944     1.5653     -1.669
    3125     0.495202     0.447785     -9.575     0.017286     0.015449    -10.625    -0.0670    -0.0758     -0.502     1.5944     1.5770     -0.999
