Flutter Derivatives Convergence Analysis - Heave
======================================================================================================================================================

  Time Interval         H1_Ref     H1_Current      H1_Error%         H4_Ref     H4_Current      H4_Error%         A1_Ref     A1_Current      A1_Error%         A4_Ref     A4_Current      A4_Error%
------------------------------------------------------------------------------------------------------------------------------------------------------
            625      -0.099968      -0.143724         43.770       1.489631       1.502418          0.858       0.142352       0.137823         -3.181      -0.003361       0.002441       -172.636
           1250      -0.099968      -0.099867         -0.101       1.489631       1.496323          0.449       0.142352       0.143553          0.844      -0.003361      -0.001685        -49.854
           1875      -0.099968      -0.119185         19.223       1.489631       1.494843          0.350       0.142352       0.140721         -1.146      -0.003361      -0.000682        -79.695
           2500      -0.099968      -0.111507         11.542       1.489631       1.505128          1.040       0.142352       0.141894         -0.322      -0.003361       0.000784       -123.334
           3125      -0.099968      -0.113544         13.580       1.489631       1.495723          0.409       0.142352       0.141400         -0.669      -0.003361      -0.000872        -74.056
