Amplitude & Phase Convergence - Heave
========================================================================================================================

    Time   Fy_Amp_Ref       Fy_Amp   Fy_Err_%  Mom_Amp_Ref      Mom_Amp  Mom_Err_%  Fy_Ph_Ref      Fy_Ph Fy_Ph_Err° Mom_Ph_Ref     Mom_Ph Mom_Ph_Err°
------------------------------------------------------------------------------------------------------------------------
     625     0.094737     0.094527     -0.221     0.008672     0.008669     -0.027    -0.0356    -0.0359     -0.014     1.7653     1.7668      0.087
    1250     0.094737     0.094582     -0.164     0.008672     0.008670     -0.016    -0.0356    -0.0358     -0.009     1.7653     1.7664      0.064
    1875     0.094737     0.094650     -0.091     0.008672     0.008671     -0.008    -0.0356    -0.0357     -0.003     1.7653     1.7659      0.037
    2500     0.094737     0.094703     -0.036     0.008672     0.008671     -0.003    -0.0356    -0.0356     -0.001     1.7653     1.7656      0.015
    3125     0.094737     0.094737      0.000     0.008672     0.008672      0.000    -0.0356    -0.0356      0.000     1.7653     1.7653      0.000
