Flutter Derivatives Convergence Analysis - Heave
======================================================================================================================================================

  Time Interval         H1_Ref     H1_Current      H1_Error%         H4_Ref     H4_Current      H4_Error%         A1_Ref     A1_Current      A1_Error%         A4_Ref     A4_Current      A4_Error%
------------------------------------------------------------------------------------------------------------------------------------------------------
            625      -0.040681      -0.040871          0.467       1.141759       1.139225         -0.222       0.280339       0.280179         -0.057      -0.055225      -0.055638          0.747
           1250      -0.040681      -0.040788          0.265       1.141759       1.139884         -0.164       0.280339       0.280231         -0.039      -0.055225      -0.055530          0.552
           1875      -0.040681      -0.040708          0.068       1.141759       1.140713         -0.092       0.280339       0.280281         -0.021      -0.055225      -0.055401          0.318
           2500      -0.040681      -0.040690          0.022       1.141759       1.141351         -0.036       0.280339       0.280316         -0.008      -0.055225      -0.055295          0.125
           3125      -0.040681      -0.040681         -0.000       1.141759       1.141759          0.000       0.280339       0.280339          0.000      -0.055225      -0.055225         -0.000
