Amplitude & Phase Convergence - Heave
========================================================================================================================

    Time   Fy_Amp_Ref       Fy_Amp   Fy_Err_%  Mom_Amp_Ref      Mom_Amp  Mom_Err_%  Fy_Ph_Ref      Fy_Ph Fy_Ph_Err° Mom_Ph_Ref     Mom_Ph Mom_Ph_Err°
------------------------------------------------------------------------------------------------------------------------
     625     0.022542     0.023007      2.065     0.003276     0.003242     -1.050    -1.4033    -1.3715      1.823     1.7433     1.7156     -1.590
    1250     0.022542     0.022487     -0.244     0.003276     0.003279      0.093    -1.4033    -1.4115     -0.469     1.7433     1.7482      0.281
    1875     0.022542     0.022646      0.462     0.003276     0.003271     -0.160    -1.4033    -1.3858      1.004     1.7433     1.7325     -0.620
    2500     0.022542     0.022504     -0.167     0.003276     0.003277      0.039    -1.4033    -1.4105     -0.416     1.7433     1.7473      0.229
    3125     0.022542     0.022571      0.129     0.003276     0.003277      0.019    -1.4033    -1.3903      0.742     1.7433     1.7368     -0.376
    3750     0.022542     0.022521     -0.089     0.003276     0.003277      0.011    -1.4033    -1.4086     -0.302     1.7433     1.7461      0.159
    4375     0.022542     0.022536     -0.025     0.003276     0.003279      0.097    -1.4033    -1.3936      0.558     1.7433     1.7393     -0.234
    5000     0.022542     0.022534     -0.032     0.003276     0.003276      0.001    -1.4033    -1.4059     -0.151     1.7433     1.7447      0.078
    5625     0.022542     0.022518     -0.106     0.003276     0.003280      0.130    -1.4033    -1.3963      0.402     1.7433     1.7410     -0.135
    6250     0.022542     0.022542      0.000     0.003276     0.003276      0.000    -1.4033    -1.4033      0.000     1.7433     1.7433      0.000
