Flutter Derivatives Convergence Analysis - Heave
======================================================================================================================================================

  Time Interval         H1_Ref     H1_Current      H1_Error%         H4_Ref     H4_Current      H4_Error%         A1_Ref     A1_Current      A1_Error%         A4_Ref     A4_Current      A4_Error%
------------------------------------------------------------------------------------------------------------------------------------------------------
            625      -1.072146      -1.087848          1.465       0.181284       0.219736         21.211       0.425382       0.422786         -0.610      -0.074133      -0.061649        -16.840
           1250      -1.072146      -1.070974         -0.109       0.181284       0.172089         -5.072       0.425382       0.425407          0.006      -0.074133      -0.076291          2.911
           1875      -1.072146      -1.073747          0.149       0.181284       0.200968         10.858       0.425382       0.425477          0.022      -0.074133      -0.069410         -6.370
           2500      -1.072146      -1.071644         -0.047       0.181284       0.173213         -4.452       0.425382       0.425249         -0.031      -0.074133      -0.075863          2.334
           3125      -1.072146      -1.071089         -0.099       0.181284       0.195401          7.787       0.425382       0.425938          0.131      -0.074133      -0.071351         -3.752
           3750      -1.072146      -1.072129         -0.002       0.181284       0.175471         -3.207       0.425382       0.425219         -0.038      -0.074133      -0.075321          1.604
