Amplitude & Phase Convergence - Heave
========================================================================================================================

    Time   Fy_Amp_Ref       Fy_Amp   Fy_Err_%  Mom_Amp_Ref      Mom_Amp  Mom_Err_%  Fy_Ph_Ref      Fy_Ph Fy_Ph_Err° Mom_Ph_Ref     Mom_Ph Mom_Ph_Err°
------------------------------------------------------------------------------------------------------------------------
    4000     0.008094     0.008073     -0.264     0.000599     0.000598     -0.213    -1.8749    -1.8527      1.268     1.4033     1.3914     -0.686
    8000     0.008094     0.008085     -0.115     0.000599     0.000597     -0.380    -1.8749    -1.8540      1.196     1.4033     1.3889     -0.826
   12000     0.008094     0.008079     -0.188     0.000599     0.000598     -0.224    -1.8749    -1.8621      0.732     1.4033     1.3943     -0.517
   16000     0.008094     0.008068     -0.324     0.000599     0.000599      0.049    -1.8749    -1.8714      0.196     1.4033     1.4027     -0.038
   20000     0.008094     0.008064     -0.375     0.000599     0.000600      0.208    -1.8749    -1.8748      0.002     1.4033     1.4069      0.202
   24000     0.008094     0.008069     -0.314     0.000599     0.000600      0.174    -1.8749    -1.8724      0.139     1.4033     1.4056      0.127
   28000     0.008094     0.008075     -0.237     0.000599     0.000599      0.066    -1.8749    -1.8691      0.327     1.4033     1.4025     -0.047
   32000     0.008094     0.008115      0.259     0.000599     0.000598     -0.095    -1.8749    -1.8715      0.195     1.4033     1.4005     -0.161
   36000     0.008094     0.008101      0.086     0.000599     0.000598     -0.084    -1.8749    -1.8723      0.146     1.4033     1.4010     -0.134
   40000     0.008094     0.008094      0.000     0.000599     0.000599      0.000    -1.8749    -1.8749      0.000     1.4033     1.4033      0.000
