Flutter Derivatives Convergence Analysis - Heave
======================================================================================================================================================

  Time Interval         H1_Ref     H1_Current      H1_Error%         H4_Ref     H4_Current      H4_Error%         A1_Ref     A1_Current      A1_Error%         A4_Ref     A4_Current      A4_Error%
------------------------------------------------------------------------------------------------------------------------------------------------------
           4000     -15.259642     -15.321287          0.404      -4.788249      -4.437769         -7.320       3.187962       3.174506         -0.422       0.538874       0.575799          6.852
           8000     -15.259642     -15.338593          0.517      -4.788249      -4.463695         -6.778       3.187962       3.167763         -0.634       0.538874       0.582578          8.110
          12000     -15.259642     -15.290728          0.204      -4.788249      -4.584269         -4.260       3.187962       3.175841         -0.380       0.538874       0.566319          5.093
          16000     -15.259642     -15.226480         -0.217      -4.788249      -4.720675         -1.411       3.187962       3.189170          0.038       0.538874       0.541257          0.442
          20000     -15.259642     -15.202595         -0.374      -4.788249      -4.769893         -0.383       3.187962       3.196475          0.267       0.538874       0.528752         -1.878
          24000     -15.259642     -15.223231         -0.239      -4.788249      -4.736285         -1.085       3.187962       3.194715          0.212       0.538874       0.532720         -1.142
          28000     -15.259642     -15.250418         -0.060      -4.788249      -4.689905         -2.054       3.187962       3.189624          0.052       0.538874       0.541851          0.553
          32000     -15.259642     -15.315416          0.366      -4.788249      -4.748677         -0.826       3.187962       3.183417         -0.143       0.538874       0.547283          1.560
          36000     -15.259642     -15.284839          0.165      -4.788249      -4.753461         -0.727       3.187962       3.184027         -0.123       0.538874       0.545869          1.298
          40000     -15.259642     -15.259642         -0.000      -4.788249      -4.788249         -0.000       3.187962       3.187962          0.000       0.538874       0.538874          0.000
