Amplitude & Phase Convergence - Pitch
========================================================================================================================

    Time   Fy_Amp_Ref       Fy_Amp   Fy_Err_%  Mom_Amp_Ref      Mom_Amp  Mom_Err_%  Fy_Ph_Ref      Fy_Ph Fy_Ph_Err° Mom_Ph_Ref     Mom_Ph Mom_Ph_Err°
------------------------------------------------------------------------------------------------------------------------
     625     0.063084     0.026379    -58.185     0.005766     0.002723    -52.773    -1.9981    -2.0512     -3.043    -0.1628    -0.0746      5.057
    1250     0.063084     0.024627    -60.962     0.005766     0.002750    -52.314    -1.9981    -2.0440     -2.628    -0.1628    -0.0182      8.287
    1875     0.063084     0.025535    -59.522     0.005766     0.002723    -52.780    -1.9981    -2.0571     -3.383    -0.1628    -0.0443      6.789
    2500     0.063084     0.024887    -60.550     0.005766     0.002748    -52.337    -1.9981    -2.0440     -2.628    -0.1628    -0.0244      7.932
    3125     0.063084     0.025386    -59.759     0.005766     0.002732    -52.618    -1.9981    -2.0521     -3.094    -0.1628    -0.0392      7.084
