Flutter Derivatives Convergence Analysis - Pitch
======================================================================================================================================================

  Time Interval         H2_Ref     H2_Current      H2_Error%         H3_Ref     H3_Current      H3_Error%         A2_Ref     A2_Current      A2_Error%         A3_Ref     A3_Current      A3_Error%
------------------------------------------------------------------------------------------------------------------------------------------------------
            625      -0.350316      -0.285474        -18.510      -0.159520      -0.148772         -6.738      -0.015583      -0.006764        -56.596       0.094856       0.090544         -4.546
           1250      -0.350316      -0.267513        -23.637      -0.159520      -0.136957        -14.144      -0.015583      -0.001668        -89.293       0.094856       0.091664         -3.366
           1875      -0.350316      -0.275485        -21.361      -0.159520      -0.145652         -8.693      -0.015583      -0.004024        -74.177       0.094856       0.090694         -4.388
           2500      -0.350316      -0.270338        -22.830      -0.159520      -0.138405        -13.237      -0.015583      -0.002234        -85.662       0.094856       0.091607         -3.425
           3125      -0.350316      -0.274599        -21.614      -0.159520      -0.143415        -10.096      -0.015583      -0.003568        -77.101       0.094856       0.091025         -4.039
