Amplitude & Phase Convergence - Pitch
========================================================================================================================

    Time   Fy_Amp_Ref       Fy_Amp   Fy_Err_%  Mom_Amp_Ref      Mom_Amp  Mom_Err_%  Fy_Ph_Ref      Fy_Ph Fy_Ph_Err° Mom_Ph_Ref     Mom_Ph Mom_Ph_Err°
------------------------------------------------------------------------------------------------------------------------
     625     0.135965     0.067081    -50.663     0.013432     0.005879    -56.233    -1.7774    -1.9438     -9.534    -0.1971    -0.2122     -0.863
    1250     0.135965     0.068472    -49.640     0.013432     0.006351    -52.722    -1.7774    -1.8427     -3.739    -0.1971    -0.2212     -1.379
    1875     0.135965     0.067496    -50.358     0.013432     0.006160    -54.143    -1.7774    -1.8820     -5.992    -0.1971    -0.2143     -0.982
    2500     0.135965     0.068310    -49.759     0.013432     0.006328    -52.891    -1.7774    -1.8470     -3.986    -0.1971    -0.2203     -1.326
    3125     0.135965     0.067864    -50.087     0.013432     0.006220    -53.692    -1.7774    -1.8694     -5.272    -0.1971    -0.2174     -1.165
