Flutter Derivatives Convergence Analysis - Pitch
======================================================================================================================================================

  Time Interval         H2_Ref     H2_Current      H2_Error%         H3_Ref     H3_Current      H3_Error%         A2_Ref     A2_Current      A2_Error%         A3_Ref     A3_Current      A3_Error%
------------------------------------------------------------------------------------------------------------------------------------------------------
            625      -0.202995      -0.190582         -6.115      -0.042550      -0.074585         75.285      -0.010964      -0.010320         -5.872       0.054901       0.047907        -12.740
           1250      -0.202995      -0.201226         -0.871      -0.042550      -0.056097         31.838      -0.010964      -0.011614          5.925       0.054901       0.051648         -5.925
           1875      -0.202995      -0.196031         -3.431      -0.042550      -0.063054         48.186      -0.010964      -0.010917         -0.431       0.054901       0.050172         -8.614
           2500      -0.202995      -0.200508         -1.225      -0.042550      -0.056829         33.557      -0.010964      -0.011524          5.109       0.054901       0.051474         -6.242
           3125      -0.202995      -0.197881         -2.520      -0.042550      -0.060916         43.162      -0.010964      -0.011186          2.024       0.054901       0.050630         -7.780
