Amplitude and Phase (Combined)
==============================================

U_reduced              Tita Amplitude          Fy Amplitude              Phase Fy      Moment Amplitude              Phase Mx
-----------------------------------------------------------------------------------------------------------------------------
21.85792349726776          2.700000e-02          2.874049e-02         -2.831782e+00          1.925782e-03          1.839742e-01
18.214936247723134          2.700000e-02          2.692916e-02         -2.836999e+00          1.868836e-03          1.801735e-01
13.66120218579235          2.700000e-02          2.422900e-02         -2.869090e+00          1.806606e-03          1.651731e-01
10.92896174863388          2.700000e-02          2.255201e-02         -2.908239e+00          1.798327e-03          1.461811e-01
6.830601092896175          2.700000e-02          1.966627e-02         -3.025857e+00          1.811472e-03          1.578861e-01
3.4153005464480874          2.700000e-02          1.408894e-02          2.894670e+00          1.844714e-03          7.181301e-02
1.7076502732240437          2.700000e-02          2.376484e-02          2.073928e+00          2.776575e-03          1.624582e-03
0.8538251366120219          2.700000e-02          6.237442e-02          1.783325e+00          6.569932e-03          1.402592e-01
