Amplitude & Phase Convergence - Pitch
========================================================================================================================

    Time   Fy_Amp_Ref       Fy_Amp   Fy_Err_%  Mom_Amp_Ref      Mom_Amp  Mom_Err_%  Fy_Ph_Ref      Fy_Ph Fy_Ph_Err° Mom_Ph_Ref     Mom_Ph Mom_Ph_Err°
------------------------------------------------------------------------------------------------------------------------
    2500     0.049507     0.023355    -52.826     0.003544     0.001808    -48.966     2.8208     2.8345      0.785    -0.1123    -0.1470     -1.990
    5000     0.049507     0.023370    -52.795     0.003544     0.001808    -48.985     2.8208     2.8343      0.775    -0.1123    -0.1467     -1.974
    7500     0.049507     0.023379    -52.776     0.003544     0.001807    -49.000     2.8208     2.8340      0.760    -0.1123    -0.1464     -1.956
   10000     0.049507     0.023386    -52.763     0.003544     0.001807    -49.011     2.8208     2.8338      0.749    -0.1123    -0.1461     -1.939
   12500     0.049507     0.023390    -52.754     0.003544     0.001807    -49.020     2.8208     2.8336      0.736    -0.1123    -0.1458     -1.921
   15000     0.049507     0.023445    -52.643     0.003544     0.001809    -48.960     2.8208     2.8322      0.657    -0.1123    -0.1438     -1.809
   17500     0.049507     0.023437    -52.660     0.003544     0.001808    -48.991     2.8208     2.8311      0.594    -0.1123    -0.1438     -1.804
   20000     0.049507     0.023441    -52.650     0.003544     0.001807    -49.011     2.8208     2.8308      0.577    -0.1123    -0.1438     -1.806
   22500     0.049507     0.023445    -52.644     0.003544     0.001806    -49.024     2.8208     2.8307      0.572    -0.1123    -0.1438     -1.807
   25000     0.049507     0.023446    -52.642     0.003544     0.001806    -49.032     2.8208     2.8307      0.571    -0.1123    -0.1438     -1.807
