Flutter Derivatives Convergence Analysis - Pitch
======================================================================================================================================================

  Time Interval         H2_Ref     H2_Current      H2_Error%         H3_Ref     H3_Current      H3_Error%         A2_Ref     A2_Current      A2_Error%         A3_Ref     A3_Current      A3_Error%
------------------------------------------------------------------------------------------------------------------------------------------------------
           2500       6.097065       5.514758         -9.551     -18.346727     -17.386943         -5.231      -0.423628      -0.565299         33.442       3.757168       3.817505          1.606
           5000       6.097065       5.521436         -9.441     -18.346727     -17.397491         -5.174      -0.423628      -0.564054         33.148       3.757168       3.816308          1.574
           7500       6.097065       5.528272         -9.329     -18.346727     -17.402918         -5.144      -0.423628      -0.562681         32.824       3.757168       3.815331          1.548
          10000       6.097065       5.533013         -9.251     -18.346727     -17.406737         -5.123      -0.423628      -0.561380         32.517       3.757168       3.814685          1.531
          12500       6.097065       5.538165         -9.167     -18.346727     -17.408775         -5.112      -0.423628      -0.560075         32.209       3.757168       3.814158          1.517
          15000       6.097065       5.575271         -8.558     -18.346727     -17.442112         -4.931      -0.423628      -0.553261         30.601       3.757168       3.819722          1.665
