Amplitude & Phase Convergence - Pitch
========================================================================================================================

    Time   Fy_Amp_Ref       Fy_Amp   Fy_Err_%  Mom_Amp_Ref      Mom_Amp  Mom_Err_%  Fy_Ph_Ref      Fy_Ph Fy_Ph_Err° Mom_Ph_Ref     Mom_Ph Mom_Ph_Err°
------------------------------------------------------------------------------------------------------------------------
    2500     0.040851     0.020184    -50.592     0.003613     0.001789    -50.494     3.0088     2.9693     -2.262    -0.1584    -0.1329      1.463
    5000     0.040851     0.020200    -50.553     0.003613     0.001789    -50.498     3.0088     2.9697     -2.239    -0.1584    -0.1329      1.465
    7500     0.040851     0.020213    -50.520     0.003613     0.001788    -50.508     3.0088     2.9698     -2.234    -0.1584    -0.1328      1.467
   10000     0.040851     0.020223    -50.497     0.003613     0.001788    -50.518     3.0088     2.9699     -2.231    -0.1584    -0.1327      1.473
   12500     0.040851     0.020231    -50.476     0.003613     0.001788    -50.529     3.0088     2.9698     -2.235    -0.1584    -0.1326      1.480
   15000     0.040851     0.020260    -50.406     0.003613     0.001789    -50.504     3.0088     2.9718     -2.122    -0.1584    -0.1327      1.472
   17500     0.040851     0.020259    -50.409     0.003613     0.001787    -50.549     3.0088     2.9702     -2.211    -0.1584    -0.1323      1.498
   20000     0.040851     0.020264    -50.395     0.003613     0.001786    -50.569     3.0088     2.9697     -2.242    -0.1584    -0.1321      1.509
   22500     0.040851     0.020270    -50.380     0.003613     0.001786    -50.580     3.0088     2.9695     -2.254    -0.1584    -0.1320      1.513
   25000     0.040851     0.020275    -50.368     0.003613     0.001786    -50.588     3.0088     2.9693     -2.262    -0.1584    -0.1320      1.515
