Flutter Derivatives Convergence Analysis - Pitch
======================================================================================================================================================

  Time Interval         H2_Ref     H2_Current      H2_Error%         H3_Ref     H3_Current      H3_Error%         A2_Ref     A2_Current      A2_Error%         A3_Ref     A3_Current      A3_Error%
------------------------------------------------------------------------------------------------------------------------------------------------------
           2500       0.527966       0.675511         27.946      -3.953144      -3.882723         -1.781      -0.152066      -0.126450        -16.845       0.951807       0.945931         -0.617
           5000       0.527966       0.674487         27.752      -3.953144      -3.886053         -1.697      -0.152066      -0.126413        -16.869       0.951807       0.945864         -0.624
           7500       0.527966       0.674545         27.763      -3.953144      -3.888727         -1.629      -0.152066      -0.126356        -16.907       0.951807       0.945688         -0.643
          10000       0.527966       0.674707         27.794      -3.953144      -3.890560         -1.583      -0.152066      -0.126228        -16.991       0.951807       0.945510         -0.662
          12500       0.527966       0.675250         27.897      -3.953144      -3.892169         -1.542      -0.152066      -0.126090        -17.082       0.951807       0.945307         -0.683
          15000       0.527966       0.668484         26.615      -3.953144      -3.898976         -1.370      -0.152066      -0.126280        -16.957       0.951807       0.945771         -0.634
