Amplitude & Phase Convergence - Pitch
========================================================================================================================

    Time   Fy_Amp_Ref       Fy_Amp   Fy_Err_%  Mom_Amp_Ref      Mom_Amp  Mom_Err_%  Fy_Ph_Ref      Fy_Ph Fy_Ph_Err° Mom_Ph_Ref     Mom_Ph Mom_Ph_Err°
------------------------------------------------------------------------------------------------------------------------
     625     0.027212     0.025503     -6.280     0.003704     0.003806      2.751    -2.8761    -2.8840     -0.451    -0.0798    -0.0725      0.422
    1250     0.027212     0.027248      0.132     0.003704     0.003701     -0.081    -2.8761    -2.8766     -0.028    -0.0798    -0.0801     -0.015
    1875     0.027212     0.026643     -2.092     0.003704     0.003740      0.974    -2.8761    -2.8778     -0.097    -0.0798    -0.0772      0.150
    2500     0.027212     0.027242      0.110     0.003704     0.003701     -0.073    -2.8761    -2.8767     -0.032    -0.0798    -0.0801     -0.016
    3125     0.027212     0.026887     -1.196     0.003704     0.003726      0.602    -2.8761    -2.8765     -0.019    -0.0798    -0.0783      0.085
    3750     0.027212     0.027236      0.086     0.003704     0.003702     -0.052    -2.8761    -2.8765     -0.021    -0.0798    -0.0801     -0.016
    4375     0.027212     0.026994     -0.801     0.003704     0.003720      0.440    -2.8761    -2.8758      0.022    -0.0798    -0.0788      0.060
    5000     0.027212     0.027225      0.045     0.003704     0.003703     -0.025    -2.8761    -2.8763     -0.009    -0.0798    -0.0800     -0.009
    5625     0.027212     0.027054     -0.583     0.003704     0.003717      0.346    -2.8761    -2.8753      0.046    -0.0798    -0.0790      0.050
    6250     0.027212     0.027212      0.000     0.003704     0.003704      0.000    -2.8761    -2.8761      0.000    -0.0798    -0.0798      0.000
