Flutter Derivatives Convergence Analysis - Pitch
======================================================================================================================================================

  Time Interval         H2_Ref     H2_Current      H2_Error%         H3_Ref     H3_Current      H3_Error%         A2_Ref     A2_Current      A2_Error%         A3_Ref     A3_Current      A3_Error%
------------------------------------------------------------------------------------------------------------------------------------------------------
            625      -0.174243      -0.158569         -8.996      -0.640912      -0.601929         -6.082      -0.019695      -0.018374         -6.706       0.246207       0.253123          2.809
           1250      -0.174243      -0.174161         -0.047      -0.640912      -0.641845          0.146      -0.019695      -0.019743          0.246       0.246207       0.246003         -0.083
           1875      -0.174243      -0.169530         -2.705      -0.640912      -0.627790         -2.047      -0.019695      -0.019235         -2.336       0.246207       0.248655          0.994
           2500      -0.174243      -0.174081         -0.093      -0.640912      -0.641714          0.125      -0.019695      -0.019750          0.281       0.246207       0.246022         -0.075
           3125      -0.174243      -0.171952         -1.315      -0.640912      -0.633302         -1.187      -0.019695      -0.019448         -1.254       0.246207       0.247718          0.614
           3750      -0.174243      -0.174156         -0.050      -0.640912      -0.641526          0.096      -0.019695      -0.019752          0.288       0.246207       0.246074         -0.054
