Amplitude & Phase Convergence - Pitch
========================================================================================================================

    Time   Fy_Amp_Ref       Fy_Amp   Fy_Err_%  Mom_Amp_Ref      Mom_Amp  Mom_Err_%  Fy_Ph_Ref      Fy_Ph Fy_Ph_Err° Mom_Ph_Ref     Mom_Ph Mom_Ph_Err°
------------------------------------------------------------------------------------------------------------------------
    2500     0.049507     0.049419     -0.178     0.003544     0.003550      0.176     2.8208     2.8243      0.201    -0.1123    -0.1166     -0.248
    5000     0.049507     0.049432     -0.151     0.003544     0.003547      0.093     2.8208     2.8239      0.183    -0.1123    -0.1148     -0.145
    7500     0.049507     0.049580      0.147     0.003544     0.003538     -0.152     2.8208     2.8210      0.013    -0.1123    -0.1110      0.074
   10000     0.049507     0.049647      0.282     0.003544     0.003536     -0.223     2.8208     2.8199     -0.046    -0.1123    -0.1101      0.126
   12500     0.049507     0.049603      0.194     0.003544     0.003539     -0.142     2.8208     2.8210      0.013    -0.1123    -0.1114      0.052
   15000     0.049507     0.049584      0.155     0.003544     0.003539     -0.125     2.8208     2.8214      0.035    -0.1123    -0.1115      0.046
   17500     0.049507     0.049629      0.247     0.003544     0.003537     -0.199     2.8208     2.8205     -0.015    -0.1123    -0.1103      0.114
   20000     0.049507     0.049625      0.238     0.003544     0.003544     -0.002     2.8208     2.8204     -0.023    -0.1123    -0.1115      0.045
   22500     0.049507     0.049515      0.015     0.003544     0.003545      0.038     2.8208     2.8209      0.009    -0.1123    -0.1123     -0.003
   25000     0.049507     0.049507      0.000     0.003544     0.003544      0.000     2.8208     2.8208      0.000    -0.1123    -0.1123      0.000
