Flutter Derivatives Convergence Analysis - Pitch
======================================================================================================================================================

  Time Interval         H2_Ref     H2_Current      H2_Error%         H3_Ref     H3_Current      H3_Error%         A2_Ref     A2_Current      A2_Error%         A3_Ref     A3_Current      A3_Error%
------------------------------------------------------------------------------------------------------------------------------------------------------
           2500       6.097065       6.021957         -1.232     -18.346727     -18.335209         -0.063      -0.423628      -0.440682          4.026       3.757168       3.761916          0.126
           5000       6.097065       6.029243         -1.112     -18.346727     -18.338378         -0.046      -0.423628      -0.433566          2.346       3.757168       3.759581          0.064
           7500       6.097065       6.102040          0.082     -18.346727     -18.375115          0.155      -0.423628      -0.418121         -1.300       3.757168       3.752014         -0.137
          10000       6.097065       6.129083          0.525     -18.346727     -18.393500          0.255      -0.423628      -0.414454         -2.166       3.757168       3.749697         -0.199
          12500       6.097065       6.104775          0.126     -18.346727     -18.383627          0.201      -0.423628      -0.419636         -0.942       3.757168       3.752214         -0.132
          15000       6.097065       6.095287         -0.029     -18.346727     -18.378942          0.176      -0.423628      -0.420094         -0.834       3.757168       3.752795         -0.116
