Amplitude & Phase Convergence - Heave
========================================================================================================================

    Time   Fy_Amp_Ref       Fy_Amp   Fy_Err_%  Mom_Amp_Ref      Mom_Amp  Mom_Err_%  Fy_Ph_Ref      Fy_Ph Fy_Ph_Err° Mom_Ph_Ref     Mom_Ph Mom_Ph_Err°
------------------------------------------------------------------------------------------------------------------------
    2500     0.010926     0.010934      0.075     0.000881     0.000883      0.131    -1.8584    -1.8603     -0.109     1.4569     1.4565     -0.019
    5000     0.010926     0.010938      0.112     0.000881     0.000882      0.067    -1.8584    -1.8614     -0.173     1.4569     1.4568     -0.006
    7500     0.010926     0.010941      0.134     0.000881     0.000882      0.026    -1.8584    -1.8617     -0.189     1.4569     1.4569      0.001
   10000     0.010926     0.010943      0.159     0.000881     0.000881      0.009    -1.8584    -1.8618     -0.195     1.4569     1.4569      0.001
   12500     0.010926     0.010944      0.161     0.000881     0.000881     -0.001    -1.8584    -1.8617     -0.192     1.4569     1.4569      0.003
   15000     0.010926     0.010946      0.180     0.000881     0.000881     -0.014    -1.8584    -1.8617     -0.194     1.4569     1.4569      0.002
   17500     0.010926     0.010947      0.196     0.000881     0.000881     -0.024    -1.8584    -1.8617     -0.194     1.4569     1.4569      0.000
   20000     0.010926     0.010948      0.201     0.000881     0.000881     -0.047    -1.8584    -1.8604     -0.114     1.4569     1.4571      0.015
   22500     0.010926     0.010925     -0.007     0.000881     0.000882      0.028    -1.8584    -1.8588     -0.024     1.4569     1.4570      0.010
   25000     0.010926     0.010926      0.000     0.000881     0.000881      0.000    -1.8584    -1.8584      0.000     1.4569     1.4569      0.000
