Flutter Derivatives Convergence Analysis - Heave
======================================================================================================================================================

  Time Interval         H1_Ref     H1_Current      H1_Error%         H4_Ref     H4_Current      H4_Error%         A1_Ref     A1_Current      A1_Error%         A4_Ref     A4_Current      A4_Error%
------------------------------------------------------------------------------------------------------------------------------------------------------
           2500      -8.086601      -8.088057          0.018      -2.391686      -2.408867          0.718       1.846657       1.848999          0.127       0.211322       0.212215          0.423
           5000      -8.086601      -8.088379          0.022      -2.391686      -2.418818          1.134       1.846657       1.847874          0.066       0.211322       0.211644          0.153
           7500      -8.086601      -8.089444          0.035      -2.391686      -2.421630          1.252       1.846657       1.847134          0.026       0.211322       0.211341          0.009
          10000      -8.086601      -8.091283          0.058      -2.391686      -2.422991          1.309       1.846657       1.846829          0.009       0.211322       0.211319         -0.001
          12500      -8.086601      -8.091554          0.061      -2.391686      -2.422640          1.294       1.846657       1.846642         -0.001       0.211322       0.211218         -0.049
          15000      -8.086601      -8.093048          0.080      -2.391686      -2.423349          1.324       1.846657       1.846413         -0.013       0.211322       0.211234         -0.041
