Amplitude & Phase Convergence - Pitch
========================================================================================================================

    Time   Fy_Amp_Ref       Fy_Amp   Fy_Err_%  Mom_Amp_Ref      Mom_Amp  Mom_Err_%  Fy_Ph_Ref      Fy_Ph Fy_Ph_Err° Mom_Ph_Ref     Mom_Ph Mom_Ph_Err°
------------------------------------------------------------------------------------------------------------------------
     625     0.063084     0.063106      0.035     0.005766     0.005765     -0.014    -1.9981    -1.9986     -0.027    -0.1628    -0.1630     -0.009
    1250     0.063084     0.063108      0.038     0.005766     0.005766     -0.007    -1.9981    -1.9985     -0.020    -0.1628    -0.1630     -0.011
    1875     0.063084     0.063100      0.026     0.005766     0.005766     -0.003    -1.9981    -1.9983     -0.010    -0.1628    -0.1630     -0.008
    2500     0.063084     0.063092      0.013     0.005766     0.005766     -0.001    -1.9981    -1.9982     -0.004    -0.1628    -0.1629     -0.004
    3125     0.063084     0.063084      0.000     0.005766     0.005766      0.000    -1.9981    -1.9981      0.000    -0.1628    -0.1628      0.000
