Flutter Derivatives Convergence Analysis - Pitch
======================================================================================================================================================

  Time Interval         H2_Ref     H2_Current      H2_Error%         H3_Ref     H3_Current      H3_Error%         A2_Ref     A2_Current      A2_Error%         A3_Ref     A3_Current      A3_Error%
------------------------------------------------------------------------------------------------------------------------------------------------------
            625      -0.350316      -0.350362          0.013      -0.159520      -0.159739          0.138      -0.015583      -0.015596          0.083       0.094856       0.094841         -0.017
           1250      -0.350316      -0.350394          0.022      -0.159520      -0.159706          0.117      -0.015583      -0.015600          0.110       0.094856       0.094846         -0.011
           1875      -0.350316      -0.350380          0.018      -0.159520      -0.159620          0.063      -0.015583      -0.015596          0.084       0.094856       0.094852         -0.005
           2500      -0.350316      -0.350350          0.010      -0.159520      -0.159564          0.028      -0.015583      -0.015590          0.042       0.094856       0.094854         -0.002
           3125      -0.350316      -0.350316         -0.000      -0.159520      -0.159520         -0.000      -0.015583      -0.015583         -0.000       0.094856       0.094856          0.000
