Amplitude & Phase Convergence - Pitch
========================================================================================================================

    Time   Fy_Amp_Ref       Fy_Amp   Fy_Err_%  Mom_Amp_Ref      Mom_Amp  Mom_Err_%  Fy_Ph_Ref      Fy_Ph Fy_Ph_Err° Mom_Ph_Ref     Mom_Ph Mom_Ph_Err°
------------------------------------------------------------------------------------------------------------------------
     625     0.027212     0.007533    -72.316     0.003704     0.001264    -65.867    -2.8761    -2.7317      8.277    -0.0798    -0.1338     -3.093
    1250     0.027212     0.009560    -64.868     0.003704     0.001163    -68.612    -2.8761    -2.7663      6.291    -0.0798    -0.1338     -3.092
    1875     0.027212     0.008124    -70.144     0.003704     0.001226    -66.896    -2.8761    -2.7783      5.607    -0.0798    -0.0857     -0.335
    2500     0.027212     0.009294    -65.847     0.003704     0.001161    -68.655    -2.8761    -2.8059      4.022    -0.0798    -0.1013     -1.228
    3125     0.027212     0.008424    -69.042     0.003704     0.001202    -67.553    -2.8761    -2.8223      3.084    -0.0798    -0.0747      0.293
    3750     0.027212     0.009372    -65.558     0.003704     0.001147    -69.024    -2.8761    -2.8426      1.922    -0.0798    -0.0935     -0.784
    4375     0.027212     0.008687    -68.078     0.003704     0.001180    -68.150    -2.8761    -2.8623      0.795    -0.0798    -0.0705      0.534
    5000     0.027212     0.009253    -65.996     0.003704     0.001138    -69.287    -2.8761    -2.8837     -0.434    -0.0798    -0.0813     -0.086
    5625     0.027212     0.008749    -67.850     0.003704     0.001161    -68.659    -2.8761    -2.9053     -1.670    -0.0798    -0.0612      1.070
    6250     0.027212     0.008594    -68.418     0.003704     0.001152    -68.908    -2.8761    -2.9152     -2.240    -0.0798    -0.0571      1.299
