Flutter Derivatives Convergence Analysis - Pitch
======================================================================================================================================================

  Time Interval         H2_Ref     H2_Current      H2_Error%         H3_Ref     H3_Current      H3_Error%         A2_Ref     A2_Current      A2_Error%         A3_Ref     A3_Current      A3_Error%
------------------------------------------------------------------------------------------------------------------------------------------------------
            625      -0.174243      -0.232767         33.588      -0.640912      -0.535674        -16.420      -0.019695      -0.035728         81.407       0.246207       0.265403          7.797
           1250      -0.174243      -0.271659         55.908      -0.640912      -0.689622          7.600      -0.019695      -0.032850         66.792       0.246207       0.244059         -0.873
           1875      -0.174243      -0.223841         28.465      -0.640912      -0.588761         -8.137      -0.019695      -0.022224         12.842       0.246207       0.258770          5.103
           2500      -0.174243      -0.237331         36.207      -0.640912      -0.680324          6.149      -0.019695      -0.024858         26.213       0.246207       0.244661         -0.628
           3125      -0.174243      -0.205010         17.658      -0.640912      -0.620128         -3.243      -0.019695      -0.019000         -3.530       0.246207       0.253862          3.109
           3750      -0.174243      -0.214035         22.837      -0.640912      -0.694394          8.345      -0.019695      -0.022694         15.227       0.246207       0.241968         -1.722
