Amplitude & Phase Convergence - Pitch
========================================================================================================================

    Time   Fy_Amp_Ref       Fy_Amp   Fy_Err_%  Mom_Amp_Ref      Mom_Amp  Mom_Err_%  Fy_Ph_Ref      Fy_Ph Fy_Ph_Err° Mom_Ph_Ref     Mom_Ph Mom_Ph_Err°
------------------------------------------------------------------------------------------------------------------------
     625     0.063084     0.014946    -76.309     0.005766     0.001395    -75.806    -1.9981    -2.5016    -28.846    -0.1628     0.0971     14.894
    1250     0.063084     0.015902    -74.792     0.005766     0.001627    -71.788    -1.9981    -2.1647     -9.545    -0.1628    -0.0358      7.280
    1875     0.063084     0.014609    -76.843     0.005766     0.001595    -72.339    -1.9981    -2.2338    -13.504    -0.1628     0.0332     11.234
    2500     0.063084     0.015510    -75.414     0.005766     0.001667    -71.084    -1.9981    -2.1246     -7.247    -0.1628    -0.0217      8.083
    3125     0.063084     0.014763    -76.598     0.005766     0.001650    -71.384    -1.9981    -2.1616     -9.366    -0.1628     0.0175     10.329
    3750     0.063084     0.015445    -75.516     0.005766     0.001683    -70.811    -1.9981    -2.1088     -6.342    -0.1628    -0.0192      8.226
    4375     0.063084     0.014957    -76.290     0.005766     0.001679    -70.886    -1.9981    -2.1246     -7.248    -0.1628     0.0068      9.717
    5000     0.063084     0.015508    -75.417     0.005766     0.001686    -70.760    -1.9981    -2.1062     -6.193    -0.1628    -0.0211      8.122
    5625     0.063084     0.015174    -75.946     0.005766     0.001690    -70.683    -1.9981    -2.1082     -6.306    -0.1628    -0.0033      9.142
    6250     0.063084     0.015496    -75.437     0.005766     0.001661    -71.189    -1.9981    -2.1368     -7.946    -0.1628    -0.0157      8.432
