Flutter Derivatives Convergence Analysis - Pitch
======================================================================================================================================================

  Time Interval         H2_Ref     H2_Current      H2_Error%         H3_Ref     H3_Current      H3_Error%         A2_Ref     A2_Current      A2_Error%         A3_Ref     A3_Current      A3_Error%
------------------------------------------------------------------------------------------------------------------------------------------------------
            625      -0.350316      -0.173000        -50.616      -0.159520      -0.232343         45.651      -0.015583       0.007164       -145.972       0.094856       0.073528        -22.484
           1250      -0.350316      -0.255444        -27.082      -0.159520      -0.172480          8.125      -0.015583      -0.003081        -80.228       0.094856       0.086091         -9.241
           1875      -0.350316      -0.223163        -36.297      -0.159520      -0.174270          9.246      -0.015583       0.002807       -118.012       0.094856       0.084415        -11.008
           2500      -0.350316      -0.255685        -27.013      -0.159520      -0.158095         -0.893      -0.015583      -0.001920        -87.681       0.094856       0.088274         -6.939
           3125      -0.350316      -0.237643        -32.163      -0.159520      -0.159379         -0.088      -0.015583       0.001525       -109.786       0.094856       0.087366         -7.896
           3750      -0.350316      -0.257077        -26.616      -0.159520      -0.153401         -3.836      -0.015583      -0.001716        -88.991       0.094856       0.089111         -6.057
