Amplitude & Phase Convergence - Pitch
========================================================================================================================

    Time   Fy_Amp_Ref       Fy_Amp   Fy_Err_%  Mom_Amp_Ref      Mom_Amp  Mom_Err_%  Fy_Ph_Ref      Fy_Ph Fy_Ph_Err° Mom_Ph_Ref     Mom_Ph Mom_Ph_Err°
------------------------------------------------------------------------------------------------------------------------
     625     0.135965     0.038028    -72.031     0.013432     0.004482    -66.634    -1.7774    -1.6154      9.284    -0.1971    -0.0973      5.720
    1250     0.135965     0.040902    -69.917     0.013432     0.003974    -70.413    -1.7774    -1.8312     -3.081    -0.1971    -0.1727      1.400
    1875     0.135965     0.041133    -69.748     0.013432     0.004207    -68.683    -1.7774    -1.7488      1.640    -0.1971    -0.1692      1.598
    2500     0.135965     0.041665    -69.356     0.013432     0.003981    -70.362    -1.7774    -1.8337     -3.224    -0.1971    -0.1882      0.509
    3125     0.135965     0.041981    -69.123     0.013432     0.004122    -69.311    -1.7774    -1.7855     -0.461    -0.1971    -0.1893      0.445
    3750     0.135965     0.041727    -69.310     0.013432     0.003970    -70.448    -1.7774    -1.8386     -3.508    -0.1971    -0.1907      0.367
    4375     0.135965     0.042280    -68.904     0.013432     0.004069    -69.710    -1.7774    -1.8067     -1.680    -0.1971    -0.1978     -0.041
    5000     0.135965     0.041329    -69.603     0.013432     0.003971    -70.439    -1.7774    -1.8368     -3.403    -0.1971    -0.1843      0.733
    5625     0.135965     0.042051    -69.072     0.013432     0.004044    -69.891    -1.7774    -1.8143     -2.115    -0.1971    -0.1953      0.103
    6250     0.135965     0.040892    -69.925     0.013432     0.004059    -69.782    -1.7774    -1.8022     -1.423    -0.1971    -0.1737      1.345
