Flutter Derivatives Convergence Analysis - Pitch
======================================================================================================================================================

  Time Interval         H2_Ref     H2_Current      H2_Error%         H3_Ref     H3_Current      H3_Error%         A2_Ref     A2_Current      A2_Error%         A3_Ref     A3_Current      A3_Error%
------------------------------------------------------------------------------------------------------------------------------------------------------
            625      -0.202995      -0.184085         -9.316      -0.042550      -0.008213        -80.697      -0.010964      -0.005763        -47.436       0.054901       0.059056          7.568
           1250      -0.202995      -0.191513         -5.657      -0.042550      -0.051027         19.921      -0.010964      -0.009040        -17.547       0.054901       0.051833         -5.588
           1875      -0.202995      -0.196161         -3.367      -0.042550      -0.035288        -17.067      -0.010964      -0.009380        -14.451       0.054901       0.054897         -0.007
           2500      -0.202995      -0.194952         -3.963      -0.042550      -0.052466         23.302      -0.010964      -0.009862        -10.050       0.054901       0.051775         -5.694
           3125      -0.202995      -0.198752         -2.090      -0.042550      -0.043333          1.838      -0.010964      -0.010272         -6.315       0.054901       0.053600         -2.368
           3750      -0.202995      -0.194982         -3.947      -0.042550      -0.053510         25.757      -0.010964      -0.009962         -9.142       0.054901       0.051601         -6.010
