Amplitude and Phase (Combined)
==============================================

U_reduced             Heave Amplitude          Fy Amplitude              Phase Fy      Moment Amplitude              Phase Mx
-----------------------------------------------------------------------------------------------------------------------------
21.85792350                0.01000000            0.00809440            1.87485157            0.00059891           -1.40334528
18.21493625                0.01000000            0.00911459            1.87645407            0.00069424           -1.41817492
13.66120219                0.01000000            0.01092605            1.85835790            0.00088142           -1.45685726
10.92896175                0.01000000            0.01270530            1.82794242            0.00108169           -1.49022004
6.83060109                 0.01000000            0.01734454            1.73776945            0.00170922           -1.54392713
3.41530055                 0.01000000            0.02254151            1.40329515            0.00327616           -1.74333659
1.70765027                 0.01000000            0.09473660            0.03561477            0.00867163           -1.76530004
0.85382514                 0.01000000            0.49520217            0.06700887            0.01728597           -1.59440095
