Amplitude and Phase (Combined)
==============================================

U_reduced              Tita Amplitude          Fy Amplitude              Phase Fy      Moment Amplitude              Phase Mx
-----------------------------------------------------------------------------------------------------------------------------
21.85792350                0.05400000            0.06092766           -2.76190723            0.00353744            0.11934825
18.21493625                0.05400000            0.05590559           -2.76715336            0.00352654            0.11948695
13.66120219                0.05400000            0.04950726           -2.82075040            0.00354362            0.11227788
10.92896175                0.05400000            0.04598478           -2.87688145            0.00356364            0.11495470
6.83060109                 0.05400000            0.04085118           -3.00882242            0.00361348            0.15842647
3.41530055                 0.05400000            0.02721231            2.87614110            0.00370381            0.07982424
1.70765027                 0.05400000            0.06308413            1.99809813            0.00576598            0.16282725
0.85382514                 0.05400000            0.13596469            1.77741781            0.01343244            0.19711824
