Amplitude & Phase Convergence - Pitch
========================================================================================================================

    Time   Fy_Amp_Ref       Fy_Amp   Fy_Err_%  Mom_Amp_Ref      Mom_Amp  Mom_Err_%  Fy_Ph_Ref      Fy_Ph Fy_Ph_Err° Mom_Ph_Ref     Mom_Ph Mom_Ph_Err°
------------------------------------------------------------------------------------------------------------------------
    1250     0.040851     0.000930    -97.724     0.003613     0.000091    -97.476     3.0088     3.0894      4.616    -0.1584    -0.1425      0.912
    2500     0.040851     0.000928    -97.728     0.003613     0.000091    -97.483     3.0088     3.0769      3.900    -0.1584    -0.1421      0.934
    3750     0.040851     0.000927    -97.730     0.003613     0.000091    -97.480     3.0088     3.0816      4.167    -0.1584    -0.1415      0.968
    5000     0.040851     0.000927    -97.730     0.003613     0.000091    -97.476     3.0088     3.0851      4.368    -0.1584    -0.1405      1.025
    6250     0.040851     0.000927    -97.731     0.003613     0.000091    -97.475     3.0088     3.0855      4.394    -0.1584    -0.1406      1.021
    7500     0.040851     0.000926    -97.733     0.003613     0.000091    -97.475     3.0088     3.0867      4.460    -0.1584    -0.1399      1.063
    8750     0.040851     0.000925    -97.735     0.003613     0.000091    -97.474     3.0088     3.0875      4.508    -0.1584    -0.1391      1.107
   10000     0.040851     0.000925    -97.736     0.003613     0.000091    -97.474     3.0088     3.0880      4.539    -0.1584    -0.1383      1.151
   11250     0.040851     0.000923    -97.740     0.003613     0.000091    -97.474     3.0088     3.0877      4.522    -0.1584    -0.1373      1.208
   12500     0.040851     0.000922    -97.742     0.003613     0.000091    -97.473     3.0088     3.0883      4.554    -0.1584    -0.1369      1.233
