Flutter Derivatives Convergence Analysis - Pitch
======================================================================================================================================================

  Time Interval         H2_Ref     H2_Current      H2_Error%         H3_Ref     H3_Current      H3_Error%         A2_Ref     A2_Current      A2_Error%         A3_Ref     A3_Current      A3_Error%
------------------------------------------------------------------------------------------------------------------------------------------------------
           1250       0.527966       0.196774        -62.730      -3.953144      -3.765402         -4.749      -0.152066      -0.143523         -5.618       0.951807       1.000255          5.090
           2500       0.527966       0.243327        -53.912      -3.953144      -3.755303         -5.005      -0.152066      -0.142743         -6.131       0.951807       0.997559          4.807
           3750       0.527966       0.225664        -57.258      -3.953144      -3.753935         -5.039      -0.152066      -0.142334         -6.400       0.951807       0.998943          4.952
           5000       0.527966       0.212477        -59.755      -3.953144      -3.754530         -5.024      -0.152066      -0.141545         -6.918       0.951807       1.000541          5.120
           6250       0.527966       0.210677        -60.096      -3.953144      -3.752534         -5.075      -0.152066      -0.141666         -6.839       0.951807       1.000837          5.151
           7500       0.527966       0.206184        -60.948      -3.953144      -3.749648         -5.148      -0.152066      -0.140974         -7.294       0.951807       1.001276          5.197
