Amplitude & Phase Convergence - Pitch
========================================================================================================================

    Time   Fy_Amp_Ref       Fy_Amp   Fy_Err_%  Mom_Amp_Ref      Mom_Amp  Mom_Err_%  Fy_Ph_Ref      Fy_Ph Fy_Ph_Err° Mom_Ph_Ref     Mom_Ph Mom_Ph_Err°
------------------------------------------------------------------------------------------------------------------------
    1250     0.027212     0.000687    -97.474     0.003704     0.000086    -97.672    -2.8761    -2.9234     -2.708    -0.0798    -0.0655      0.819
    2500     0.027212     0.000689    -97.470     0.003704     0.000086    -97.669    -2.8761    -2.9265     -2.885    -0.0798    -0.0675      0.705
    3750     0.027212     0.000688    -97.470     0.003704     0.000086    -97.666    -2.8761    -2.9223     -2.646    -0.0798    -0.0684      0.654
    5000     0.027212     0.000688    -97.470     0.003704     0.000087    -97.664    -2.8761    -2.9194     -2.476    -0.0798    -0.0687      0.638
    6250     0.027212     0.000689    -97.469     0.003704     0.000087    -97.662    -2.8761    -2.9178     -2.385    -0.0798    -0.0697      0.580
    7500     0.027212     0.000689    -97.468     0.003704     0.000087    -97.660    -2.8761    -2.9159     -2.275    -0.0798    -0.0702      0.553
    8750     0.027212     0.000689    -97.468     0.003704     0.000087    -97.659    -2.8761    -2.9143     -2.188    -0.0798    -0.0705      0.533
   10000     0.027212     0.000689    -97.468     0.003704     0.000087    -97.658    -2.8761    -2.9131     -2.115    -0.0798    -0.0708      0.516
   11250     0.027212     0.000689    -97.468     0.003704     0.000087    -97.657    -2.8761    -2.9119     -2.051    -0.0798    -0.0711      0.501
   12500     0.027212     0.000689    -97.468     0.003704     0.000087    -97.656    -2.8761    -2.9108     -1.987    -0.0798    -0.0714      0.485
