Flutter Derivatives Convergence Analysis - Pitch
======================================================================================================================================================

  Time Interval         H2_Ref     H2_Current      H2_Error%         H3_Ref     H3_Current      H3_Error%         A2_Ref     A2_Current      A2_Error%         A3_Ref     A3_Current      A3_Error%
------------------------------------------------------------------------------------------------------------------------------------------------------
           1250      -0.174243      -0.150833        -13.435      -0.640912      -0.680286          6.144      -0.019695      -0.015640        -20.588       0.246207       0.238332         -3.199
           2500      -0.174243      -0.149016        -14.478      -0.640912      -0.682038          6.417      -0.019695      -0.016134        -18.082       0.246207       0.238614         -3.084
           3750      -0.174243      -0.151816        -12.871      -0.640912      -0.681241          6.292      -0.019695      -0.016370        -16.883       0.246207       0.238905         -2.966
           5000      -0.174243      -0.153844        -11.707      -0.640912      -0.680815          6.226      -0.019695      -0.016448        -16.488       0.246207       0.239061         -2.903
           6250      -0.174243      -0.155019        -11.033      -0.640912      -0.680957          6.248      -0.019695      -0.016708        -15.168       0.246207       0.239288         -2.810
           7500      -0.174243      -0.156331        -10.280      -0.640912      -0.680717          6.211      -0.019695      -0.016830        -14.549       0.246207       0.239445         -2.746
