Amplitude & Phase Convergence - Pitch
========================================================================================================================

    Time   Fy_Amp_Ref       Fy_Amp   Fy_Err_%  Mom_Amp_Ref      Mom_Amp  Mom_Err_%  Fy_Ph_Ref      Fy_Ph Fy_Ph_Err° Mom_Ph_Ref     Mom_Ph Mom_Ph_Err°
------------------------------------------------------------------------------------------------------------------------
    1250     0.063084     0.001167    -98.150     0.005766     0.000129    -97.762    -1.9981    -2.1244     -7.238    -0.1628    -0.0186      8.265
    2500     0.063084     0.001166    -98.151     0.005766     0.000129    -97.761    -1.9981    -2.1248     -7.262    -0.1628    -0.0164      8.389
    3750     0.063084     0.001165    -98.154     0.005766     0.000129    -97.761    -1.9981    -2.1253     -7.286    -0.1628    -0.0157      8.432
    5000     0.063084     0.001164    -98.155     0.005766     0.000129    -97.761    -1.9981    -2.1247     -7.254    -0.1628    -0.0152      8.460
    6250     0.063084     0.001162    -98.157     0.005766     0.000129    -97.761    -1.9981    -2.1250     -7.271    -0.1628    -0.0142      8.514
    7500     0.063084     0.001161    -98.159     0.005766     0.000129    -97.761    -1.9981    -2.1251     -7.277    -0.1628    -0.0136      8.549
    8750     0.063084     0.001161    -98.160     0.005766     0.000129    -97.761    -1.9981    -2.1251     -7.278    -0.1628    -0.0132      8.574
   10000     0.063084     0.001160    -98.161     0.005766     0.000129    -97.761    -1.9981    -2.1251     -7.276    -0.1628    -0.0129      8.591
   11250     0.063084     0.001159    -98.163     0.005766     0.000129    -97.761    -1.9981    -2.1251     -7.274    -0.1628    -0.0123      8.624
   12500     0.063084     0.001158    -98.164     0.005766     0.000129    -97.761    -1.9981    -2.1252     -7.281    -0.1628    -0.0118      8.651
