Flutter Derivatives Convergence Analysis - Pitch
======================================================================================================================================================

  Time Interval         H2_Ref     H2_Current      H2_Error%         H3_Ref     H3_Current      H3_Error%         A2_Ref     A2_Current      A2_Error%         A3_Ref     A3_Current      A3_Error%
------------------------------------------------------------------------------------------------------------------------------------------------------
           1250      -0.350316      -0.251667        -28.160      -0.159520      -0.155557         -2.484      -0.015583      -0.001659        -89.351       0.094856       0.089361         -5.793
           2500      -0.350316      -0.251368        -28.245      -0.159520      -0.155519         -2.508      -0.015583      -0.001468        -90.581       0.094856       0.089406         -5.745
           3750      -0.350316      -0.251002        -28.350      -0.159520      -0.155436         -2.560      -0.015583      -0.001400        -91.015       0.094856       0.089385         -5.768
           5000      -0.350316      -0.250842        -28.396      -0.159520      -0.155143         -2.743      -0.015583      -0.001357        -91.291       0.094856       0.089402         -5.750
           6250      -0.350316      -0.250532        -28.484      -0.159520      -0.155053         -2.800      -0.015583      -0.001272        -91.835       0.094856       0.089404         -5.748
           7500      -0.350316      -0.250281        -28.556      -0.159520      -0.154935         -2.874      -0.015583      -0.001217        -92.189       0.094856       0.089400         -5.752
