Amplitude & Phase Convergence - Pitch
========================================================================================================================

    Time   Fy_Amp_Ref       Fy_Amp   Fy_Err_%  Mom_Amp_Ref      Mom_Amp  Mom_Err_%  Fy_Ph_Ref      Fy_Ph Fy_Ph_Err° Mom_Ph_Ref     Mom_Ph Mom_Ph_Err°
------------------------------------------------------------------------------------------------------------------------
    1250     0.135965     0.003233    -97.622     0.013432     0.000311    -97.687    -1.7774    -1.8118     -1.971    -0.1971    -0.1973     -0.012
    2500     0.135965     0.003268    -97.597     0.013432     0.000310    -97.694    -1.7774    -1.8185     -2.352    -0.1971    -0.2063     -0.525
    3750     0.135965     0.003285    -97.584     0.013432     0.000310    -97.692    -1.7774    -1.8180     -2.328    -0.1971    -0.2099     -0.730
    5000     0.135965     0.003302    -97.571     0.013432     0.000310    -97.689    -1.7774    -1.8173     -2.284    -0.1971    -0.2134     -0.934
    6250     0.135965     0.003316    -97.561     0.013432     0.000311    -97.687    -1.7774    -1.8176     -2.302    -0.1971    -0.2166     -1.116
    7500     0.135965     0.003327    -97.553     0.013432     0.000311    -97.686    -1.7774    -1.8177     -2.311    -0.1971    -0.2190     -1.254
    8750     0.135965     0.003336    -97.547     0.013432     0.000311    -97.685    -1.7774    -1.8178     -2.313    -0.1971    -0.2209     -1.360
   10000     0.135965     0.003343    -97.541     0.013432     0.000311    -97.684    -1.7774    -1.8178     -2.311    -0.1971    -0.2224     -1.448
   11250     0.135965     0.003354    -97.533     0.013432     0.000311    -97.684    -1.7774    -1.8183     -2.343    -0.1971    -0.2248     -1.584
   12500     0.135965     0.003361    -97.528     0.013432     0.000311    -97.683    -1.7774    -1.8182     -2.335    -0.1971    -0.2264     -1.675
