Flutter Derivatives Convergence Analysis - Pitch
======================================================================================================================================================

  Time Interval         H2_Ref     H2_Current      H2_Error%         H3_Ref     H3_Current      H3_Error%         A2_Ref     A2_Current      A2_Error%         A3_Ref     A3_Current      A3_Error%
------------------------------------------------------------------------------------------------------------------------------------------------------
           1250      -0.202995      -0.015212        -92.506      -0.042550      -0.003739        -91.213      -0.010964      -0.000806        -92.647       0.054901       0.004033        -92.655
           2500      -0.202995      -0.015351        -92.438      -0.042550      -0.003882        -90.877      -0.010964      -0.000840        -92.340       0.054901       0.004014        -92.689
           3750      -0.202995      -0.015433        -92.397      -0.042550      -0.003896        -90.845      -0.010964      -0.000855        -92.200       0.054901       0.004015        -92.687
           5000      -0.202995      -0.015516        -92.356      -0.042550      -0.003904        -90.825      -0.010964      -0.000871        -92.060       0.054901       0.004017        -92.683
           6250      -0.202995      -0.015581        -92.324      -0.042550      -0.003926        -90.774      -0.010964      -0.000884        -91.940       0.054901       0.004016        -92.684
           7500      -0.202995      -0.015633        -92.299      -0.042550      -0.003941        -90.738      -0.010964      -0.000894        -91.847       0.054901       0.004016        -92.685
