Amplitude and Phase (Combined)
==============================================

U_reduced             Heave Amplitude          Fy Amplitude              Phase Fy      Moment Amplitude              Phase Mx
-----------------------------------------------------------------------------------------------------------------------------
21.85792349726776          1.830000e-02          1.483619e-02          1.879267e+00          1.093327e-03         -1.408744e+00
18.214936247723134          1.830000e-02          1.670135e-02          1.885346e+00          1.265685e-03         -1.425036e+00
13.66120218579235          1.830000e-02          2.014075e-02          1.869517e+00          1.604384e-03         -1.462948e+00
10.92896174863388          1.830000e-02          2.336379e-02          1.840248e+00          1.973937e-03         -1.501813e+00
6.830601092896175          1.830000e-02          3.207689e-02          1.747882e+00          3.126274e-03         -1.546598e+00
3.4153005464480874          1.830000e-02          4.211364e-02          1.420413e+00          5.949949e-03         -1.738750e+00
1.7076502732240437          1.830000e-02          2.113142e-01          1.162112e-01          1.538822e-02         -1.627035e+00
0.8538251366120219          1.830000e-02          8.195706e-01          1.277838e-01          3.261598e-02         -1.797818e+00
