Amplitude and Phase (Combined)
==============================================

U_reduced              Tita Amplitude          Fy Amplitude              Phase Fy      Moment Amplitude              Phase Mx
-----------------------------------------------------------------------------------------------------------------------------
21.85792349726776          8.700000e-02          9.883676e-02         -3.123106e+00          5.256268e-03         -1.899200e-01
18.214936247723134          8.700000e-02          9.358229e-02         -2.928559e+00          5.358995e-03         -4.817802e-02
13.66120218579235          8.700000e-02          8.467392e-02         -2.864152e+00          5.465883e-03          3.022170e-02
10.92896174863388          8.700000e-02          7.668581e-02         -2.897899e+00          5.608536e-03          6.746598e-02
6.830601092896175          8.700000e-02          6.648358e-02         -3.016151e+00          5.781914e-03          1.544310e-01
3.4153005464480874          8.700000e-02          4.195665e-02          2.870665e+00          5.923048e-03          9.277249e-02
1.7076502732240437          8.700000e-02          1.049934e-01          1.980714e+00          9.251481e-03          1.993568e-01
0.8538251366120219          8.700000e-02          2.196424e-01          1.818445e+00          2.114778e-02          2.191553e-01
