Amplitude & Phase Convergence - Heave
========================================================================================================================

    Time   Fy_Amp_Ref       Fy_Amp   Fy_Err_%  Mom_Amp_Ref      Mom_Amp  Mom_Err_%  Fy_Ph_Ref      Fy_Ph Fy_Ph_Err° Mom_Ph_Ref     Mom_Ph Mom_Ph_Err°
------------------------------------------------------------------------------------------------------------------------
    1250     0.017345     0.017309     -0.205     0.001709     0.001708     -0.044    -1.7378    -1.7361      0.094     1.5439     1.5442      0.018
    2500     0.017345     0.017299     -0.261     0.001709     0.001708     -0.058    -1.7378    -1.7358      0.115     1.5439     1.5442      0.017
    3750     0.017345     0.017304     -0.233     0.001709     0.001708     -0.060    -1.7378    -1.7357      0.121     1.5439     1.5441      0.011
    5000     0.017345     0.017308     -0.210     0.001709     0.001708     -0.063    -1.7378    -1.7356      0.123     1.5439     1.5440      0.005
    6250     0.017345     0.017309     -0.202     0.001709     0.001708     -0.070    -1.7378    -1.7355      0.128     1.5439     1.5440      0.002
    7500     0.017345     0.017310     -0.200     0.001709     0.001708     -0.070    -1.7378    -1.7348      0.171     1.5439     1.5437     -0.010
    8750     0.017345     0.017373      0.164     0.001709     0.001710      0.062    -1.7378    -1.7371      0.038     1.5439     1.5435     -0.026
   10000     0.017345     0.017360      0.089     0.001709     0.001710      0.038    -1.7378    -1.7375      0.014     1.5439     1.5437     -0.014
   11250     0.017345     0.017352      0.041     0.001709     0.001710      0.016    -1.7378    -1.7378     -0.000     1.5439     1.5438     -0.006
   12500     0.017345     0.017345      0.000     0.001709     0.001709      0.000    -1.7378    -1.7378      0.000     1.5439     1.5439      0.000
