Flutter Derivatives Convergence Analysis - Heave
======================================================================================================================================================

  Time Interval         H1_Ref     H1_Current      H1_Error%         H4_Ref     H4_Current      H4_Error%         A1_Ref     A1_Current      A1_Error%         A4_Ref     A4_Current      A4_Error%
------------------------------------------------------------------------------------------------------------------------------------------------------
           1250      -3.300140      -3.294279         -0.178      -0.556213      -0.549671         -1.176       0.900765       0.900373         -0.044       0.024209       0.023917         -1.205
           2500      -3.300140      -3.292633         -0.227      -0.556213      -0.548154         -1.449       0.900765       0.900250         -0.057       0.024209       0.023925         -1.174
           3750      -3.300140      -3.293618         -0.198      -0.556213      -0.547985         -1.479       0.900765       0.900227         -0.060       0.024209       0.024016         -0.796
           5000      -3.300140      -3.294400         -0.174      -0.556213      -0.547961         -1.484       0.900765       0.900199         -0.063       0.024209       0.024120         -0.368
           6250      -3.300140      -3.294691         -0.165      -0.556213      -0.547734         -1.524       0.900765       0.900140         -0.069       0.024209       0.024161         -0.195
           7500      -3.300140      -3.295181         -0.150      -0.556213      -0.545297         -1.963       0.900765       0.900132         -0.070       0.024209       0.024352          0.592
