Amplitude & Phase Convergence - Pitch
========================================================================================================================

    Time   Fy_Amp_Ref       Fy_Amp   Fy_Err_%  Mom_Amp_Ref      Mom_Amp  Mom_Err_%  Fy_Ph_Ref      Fy_Ph Fy_Ph_Err° Mom_Ph_Ref     Mom_Ph Mom_Ph_Err°
------------------------------------------------------------------------------------------------------------------------
    1250     0.040851     0.040934      0.202     0.003613     0.003604     -0.269     3.0088     3.0088      0.001    -0.1584    -0.1591     -0.037
    2500     0.040851     0.040958      0.262     0.003613     0.003603     -0.284     3.0088     3.0085     -0.019    -0.1584    -0.1592     -0.047
    3750     0.040851     0.040974      0.300     0.003613     0.003603     -0.294     3.0088     3.0085     -0.021    -0.1584    -0.1593     -0.051
    5000     0.040851     0.040987      0.333     0.003613     0.003603     -0.304     3.0088     3.0084     -0.026    -0.1584    -0.1594     -0.053
    6250     0.040851     0.041001      0.366     0.003613     0.003602     -0.311     3.0088     3.0083     -0.032    -0.1584    -0.1594     -0.058
    7500     0.040851     0.040956      0.257     0.003613     0.003616      0.074     3.0088     3.0080     -0.046    -0.1584    -0.1583      0.006
    8750     0.040851     0.040862      0.026     0.003613     0.003617      0.085     3.0088     3.0096      0.043    -0.1584    -0.1575      0.051
   10000     0.040851     0.040847     -0.010     0.003613     0.003615      0.044     3.0088     3.0090      0.013    -0.1584    -0.1578      0.037
   11250     0.040851     0.040849     -0.006     0.003613     0.003614      0.015     3.0088     3.0089      0.002    -0.1584    -0.1581      0.018
   12500     0.040851     0.040851      0.000     0.003613     0.003613      0.000     3.0088     3.0088      0.000    -0.1584    -0.1584      0.000
