Flutter Derivatives Convergence Analysis - Pitch
======================================================================================================================================================

  Time Interval         H2_Ref     H2_Current      H2_Error%         H3_Ref     H3_Current      H3_Error%         A2_Ref     A2_Current      A2_Error%         A3_Ref     A3_Current      A3_Error%
------------------------------------------------------------------------------------------------------------------------------------------------------
           1250       0.527966       0.528991          0.194      -3.953144      -3.961124          0.202      -0.152066      -0.152265          0.131       0.951807       0.949152         -0.279
           2500       0.527966       0.530631          0.505      -3.953144      -3.963339          0.258      -0.152066      -0.152412          0.227       0.951807       0.948975         -0.298
           3750       0.527966       0.530978          0.571      -3.953144      -3.964814          0.295      -0.152066      -0.152462          0.260       0.951807       0.948877         -0.308
           5000       0.527966       0.531496          0.669      -3.953144      -3.966065          0.327      -0.152066      -0.152486          0.276       0.951807       0.948777         -0.318
           6250       0.527966       0.532123          0.787      -3.953144      -3.967298          0.358      -0.152066      -0.152547          0.317       0.951807       0.948692         -0.327
           7500       0.527966       0.532499          0.859      -3.953144      -3.962886          0.246      -0.152066      -0.152077          0.008       0.951807       0.952524          0.075
