Amplitude and Phase (Combined)
==============================================

U_reduced             Heave Amplitude          Fy Amplitude              Phase Fy      Moment Amplitude              Phase Mx
-----------------------------------------------------------------------------------------------------------------------------
21.85792349726776          3.000000e-02          2.458557e-02          1.890486e+00          1.776643e-03         -1.416781e+00
18.214936247723134          3.000000e-02          2.769738e-02          1.902736e+00          2.051811e-03         -1.436429e+00
13.66120218579235          3.000000e-02          5.438219e-03          1.861330e+00          4.400077e-04         -1.456776e+00
10.92896174863388          3.000000e-02          6.275605e-03          1.831720e+00          5.402031e-04         -1.489845e+00
6.830601092896175          3.000000e-02          8.612562e-03          1.729362e+00          8.574781e-04         -1.544756e+00
3.4153005464480874          3.000000e-02          1.125687e-02          1.395327e+00          1.648309e-03         -1.747673e+00
1.7076502732240437          3.000000e-02          4.361380e-02          1.538046e-01          4.050799e-03         -1.814072e+00
0.8538251366120219          3.000000e-02          2.517120e-01          4.076520e-02          8.857448e-03         -1.559380e+00
