Amplitude & Phase Convergence - Pitch
========================================================================================================================

    Time   Fy_Amp_Ref       Fy_Amp   Fy_Err_%  Mom_Amp_Ref      Mom_Amp  Mom_Err_%  Fy_Ph_Ref      Fy_Ph Fy_Ph_Err° Mom_Ph_Ref     Mom_Ph Mom_Ph_Err°
------------------------------------------------------------------------------------------------------------------------
     625     0.135965     0.135952     -0.009     0.013432     0.013434      0.012    -1.7774    -1.7775     -0.006    -0.1971    -0.1969      0.010
    1250     0.135965     0.135953     -0.008     0.013432     0.013434      0.009    -1.7774    -1.7775     -0.005    -0.1971    -0.1970      0.009
    1875     0.135965     0.135957     -0.006     0.013432     0.013433      0.006    -1.7774    -1.7775     -0.004    -0.1971    -0.1970      0.006
    2500     0.135965     0.135963     -0.001     0.013432     0.013433      0.001    -1.7774    -1.7775     -0.002    -0.1971    -0.1971      0.001
    3125     0.135965     0.135965      0.000     0.013432     0.013432      0.000    -1.7774    -1.7774      0.000    -0.1971    -0.1971      0.000
