Flutter Derivatives Convergence Analysis - Pitch
======================================================================================================================================================

  Time Interval         H2_Ref     H2_Current      H2_Error%         H3_Ref     H3_Current      H3_Error%         A2_Ref     A2_Current      A2_Error%         A3_Ref     A3_Current      A3_Error%
------------------------------------------------------------------------------------------------------------------------------------------------------
            625      -0.202995      -0.202972         -0.011      -0.042550      -0.042567          0.040      -0.010964      -0.010956         -0.074       0.054901       0.054909          0.015
           1250      -0.202995      -0.202975         -0.010      -0.042550      -0.042564          0.031      -0.010964      -0.010957         -0.065       0.054901       0.054907          0.012
           1875      -0.202995      -0.202981         -0.007      -0.042550      -0.042561          0.026      -0.010964      -0.010960         -0.043       0.054901       0.054905          0.007
           2500      -0.202995      -0.202991         -0.002      -0.042550      -0.042559          0.019      -0.010964      -0.010963         -0.012       0.054901       0.054901          0.001
           3125      -0.202995      -0.202995         -0.000      -0.042550      -0.042550         -0.000      -0.010964      -0.010964         -0.000       0.054901       0.054901          0.000
