Amplitude and Phase (Combined)
==============================================

U_reduced             Heave Amplitude          Fy Amplitude              Phase Fy      Moment Amplitude              Phase Mx
-----------------------------------------------------------------------------------------------------------------------------
21.85792350                0.00450000            0.00359468            1.86992863            0.00027062           -1.40358374
18.21493625                0.00450000            0.00411289            1.88261260            0.00031120           -1.42191716
13.66120219                0.00450000            0.00493866            1.86314518            0.00039572           -1.45782217
10.92896175                0.00450000            0.00571036            1.82759402            0.00048628           -1.49298300
6.83060109                 0.00450000            0.00461308            1.28900043            0.00096567           -1.67383819
3.41530055                 0.00450000            0.00673167            1.64187232            0.00162366           -1.85068553
1.70765027                 0.00450000            0.04948884            0.17080536            0.00367463           -1.65140194
0.85382514                 0.00450000            0.23034065            0.05012856            0.00794134           -1.52061130
