Amplitude and Phase (Combined)
==============================================

U_reduced              Tita Amplitude          Fy Amplitude              Phase Fy      Moment Amplitude              Phase Mx
-----------------------------------------------------------------------------------------------------------------------------
21.85792350                0.00130000            0.00134145           -2.85652950            0.00009382            0.19641251
18.21493625                0.00130000            0.00125850           -2.86426107            0.00009090            0.19309859
13.66120219                0.00130000            0.00115023           -2.88457394            0.00008690            0.17167355
10.92896175                0.00130000            0.00108007           -2.92244334            0.00008553            0.15150104
6.83060109                 0.00130000            0.00092244           -3.08830391            0.00009131            0.13691350
3.41530055                 0.00130000            0.00068895            2.91082370            0.00008683            0.07136532
1.70765027                 0.00130000            0.00115829            2.12517998            0.00012911            0.01184073
0.85382514                 0.01700000            0.00336110            1.81817823            0.00031123            0.22635939
